BTP Project Sonu Giri/Code/Semester-2 (using GRASS GIS)/Code/future_work_road_bw_patches/DEM.asc
north: 3840
south: 0
east: 3840
west: 0
rows: 128
cols: 128
null: -9999
[rows 23 to 45 of 128, columns 0 to 49 of 128]
270.208866698 273.34829152 270.690275589 271.690817471 263.121122825 271.093070727 273.07491258 272.010650647 266.415614033 267.896941484 265.298982639 262.118156998 259.544165545 253.123803201 244.772641191 241.10599859 234.766336235 237.877105223 236.451324167 237.18138604 233.86482877 234.369574607 229.735575391 232.197646036 232.070473976 234.374755425 232.173074416 232.209318753 230.342677182 237.839176097 245.484604235 242.305658437 245.418680454 241.934799358 239.139394364 245.104466599 240.612088309 243.196405158 249.398588224 259.348963604 267.527699244 282.892134237 273.450638942 270.472931115 266.818074357 267.591552454 271.946707782 282.141305749 286.913218148 279.975044478
285.406275435 275.785617076 272.459741212 270.233531015 265.579831311 273.728497675 273.635858846 271.110652174 272.854048973 265.159609463 267.433808979 264.679202564 264.060267756 249.346391691 240.930026399 238.963969976 229.277535017 235.853121877 239.915337581 235.375549354 230.607716847 229.395669891 233.238290109 230.233600173 227.162945486 229.643276774 235.837863894 235.44722355 226.114513156 235.39400924 243.106223205 240.425059404 240.244930354 238.705039482 236.668018168 237.742918992 233.554929231 239.643849241 246.318029188 255.007631329 270.088205664 272.838019327 272.431925657 265.478600794 257.165473436 267.203764068 271.82263468 283.527713402 290.88862423 284.952388574
286.292793582 284.887716243 271.897781014 276.114354378 272.987483838 269.042995416 272.275385954 270.171172561 268.81795242 268.969723838 265.626606337 266.05192823 257.408368129 252.556159493 251.301867395 236.535780665 236.775386052 244.011984882 244.004650149 238.733431199 238.697959649 233.920241933 233.069481838 229.088397828 224.265180202 227.537660874 228.720141346 228.789449809 230.468720567 227.720292516 233.453824322 237.044850873 235.459183184 239.861613378 240.01446631 235.219067859 237.231673985 239.729797892 252.050036059 258.994418955 267.727798178 265.888134722 263.755261393 267.176108638 268.45580537 274.89816086 277.795327698 281.059362954 287.009087555 283.697646816
289.208984067 279.247940582 270.673158946 274.21159872 279.364566485 275.218071447 268.637777998 268.245444594 269.346279387 268.598560069 265.83772757 259.615445491 257.099237022 251.509787708 252.709983486 246.340396992 243.070998109 246.338966283 249.876660566 245.001711499 240.866643219 236.669888423 238.465351443 232.187426124 228.058905405 226.177935905 214.358873154 220.44415121 230.401470097 229.106480875 224.436281939 230.628036707 233.170036398 238.019838407 233.288231907 237.623000817 239.116980774 245.849452939 255.674204154 257.971455506 265.136821496 263.193787431 268.775982461 268.38485133 274.353394464 279.801664354 290.700277176 286.879100105 285.375827789 281.954564114
288.293745072 285.721138278 279.096416705 283.190442731 276.534372445 276.299750386 274.394060011 273.533180029 277.589759282 273.753995434 266.52872648 258.185779937 257.914426718 257.041931393 256.178449614 250.364747315 251.489586443 244.814111113 245.678967815 244.009486487 243.272831249 238.962174196 236.989777414 229.707252245 225.736409829 230.802261959 220.635146951 215.603660581 225.038788741 226.280680408 221.125512637 220.957515954 229.126770831 236.153555468 231.871827135 233.978430332 235.708919838 239.650057377 251.180780778 251.078273047 258.429341051 262.941223791 265.444333658 268.184250664 276.834840725 282.940734217 288.179469821 289.064584479 290.207812433 280.2055308
285.376626979 287.599498605 284.448830889 282.404196978 273.777309305 275.376804241 280.409940776 280.09891957 283.854828987 276.574660426 264.764238362 257.259812021 256.255908134 253.235059392 261.883371031 250.46406805 251.403045309 245.736052483 244.674259667 247.062427027 249.310863236 236.96406001 225.834012778 231.271849369 225.758347544 228.412894825 220.744549195 219.544901783 217.593784594 224.893920693 218.739433214 223.680646673 230.972294781 230.846034842 230.874643715 229.916900081 233.957789791 234.192285804 239.219046916 244.488462191 258.112349552 256.671431122 264.219652618 269.186138654 286.028533906 287.19510097 285.923976764 287.255859077 284.87709156 281.072203732
286.306271143 288.558670789 288.762627282 282.386861413 280.198012309 281.047611141 281.746174053 280.48763074 279.032649436 280.382842896 274.585122201 252.687774346 260.848888677 255.055471087 258.475166978 251.6172576 252.351160093 253.634218809 247.073363374 248.712433208 242.827653102 240.450456532 233.431126805 233.899141567 229.561113437 228.708511033 223.147778622 223.616792818 219.03342388 224.559123911 220.127713719 225.769821644 225.28847777 223.287815298 225.955323176 232.311554775 231.129119832 234.215535237 239.406944512 244.314062109 250.159041254 258.021490395 265.421491448 271.400383162 278.689327507 285.892688959 286.597746029 287.335045645 283.982025373 283.731716545
292.784289596 291.365241718 294.404766599 286.617923171 283.477741446 282.428044019 282.823795343 285.265750909 283.154160559 283.734436607 281.996772313 267.696551956 261.951928286 259.507209189 254.600327186 254.168324415 257.462404001 249.503883669 249.827345929 242.860688254 237.937690562 234.774711514 232.738008222 228.58318713 223.091873219 225.458874818 227.270819368 226.191620582 213.846069511 220.363332931 227.246531433 223.288709773 219.566416329 225.071736604 227.820169072 227.559579479 224.641431645 234.081764589 232.681502892 237.863142231 248.490774159 255.723825046 261.316629571 267.373928253 272.063507122 284.927899229 289.451989708 287.277979538 286.417375775 284.22664865
294.407169056 292.327824295 291.479231284 285.085903884 285.678637758 281.944263857 283.295071291 288.660614539 286.767954041 281.295862208 275.823148614 267.84992542 253.912640451 256.407040112 251.143676879 245.90179963 247.466052556 242.002142039 245.176093731 234.985564071 235.27934343 233.564258453 228.979501529 224.896749636 226.331649755 225.075032854 223.037644568 222.740101964 213.891473506 217.102691622 220.490969123 217.75209621 216.815210812 220.685463769 223.894179534 227.650396133 230.224220698 233.977604298 232.084481353 244.344794449 248.819367661 250.901096462 261.814457629 272.289664242 280.37689819 285.136872738 286.356730191 283.629289947 288.35684459 283.802557191
296.061413553 291.030978304 290.757715044 286.643723812 286.081790542 281.57205417 283.647559526 290.500821746 291.589144997 280.816328995 269.711102976 262.073004016 251.736780114 249.29462151 243.960671631 242.336429704 242.045866835 238.118847917 234.987461241 232.325488104 226.618598358 225.639258423 229.12344707 227.656892139 230.797109586 226.325424556 226.733429855 215.286786155 219.281459896 213.60838311 217.051125313 210.291219029 207.992173538 209.654776576 212.1841015 223.807168117 232.033275801 232.654899708 232.627950561 237.731173956 247.713955995 256.151476388 262.798407735 269.656170136 276.330508804 280.568064566 282.044056674 281.018026412 286.916375149 278.933257402
288.740527771 286.779049846 287.467552527 286.080899766 279.551636525 277.574405067 278.180973667 284.046835108 286.947517915 278.366799842 270.599963283 258.987709291 253.763809732 249.299780789 244.637469232 240.367466323 237.351645918 234.038277804 228.901480539 229.099440098 231.111291281 224.0964049 228.384925581 226.421501968 226.470691025 220.738007409 215.505095486 216.041250105 213.381202683 213.466762665 214.994868522 208.20812538 215.812688266 218.264117649 216.419789738 221.515924279 224.778232148 223.183770995 230.603868803 234.965274486 243.925392544 246.11416553 253.995259077 258.466938778 267.058317665 270.855918896 280.024494499 280.293670585 277.417504809 270.767535283
283.554097599 289.392892413 286.940626592 280.608850581 268.908659426 269.924407752 280.129113106 276.074236014 273.17906131 271.737664205 270.548559961 257.517751845 256.51692534 254.114254775 248.147878723 247.741011779 237.940050662 232.122779256 220.621889636 226.755189107 232.193742747 224.551552633 217.876432262 216.13044964 213.533746876 216.254184053 214.413400085 212.254202759 207.696014167 210.264550754 220.384968349 214.218766444 218.348236244 215.575384496 218.252317521 219.945244352 223.313377523 220.054025848 222.559545079 235.602032181 245.259266218 248.198864961 248.882581091 254.626733595 254.048092056 268.651266906 276.188449661 275.452189755 268.635406054 267.53592197
288.176852537 284.117027356 281.738637589 275.898060468 272.935606578 270.003703201 266.498154488 267.790391821 263.29504415 269.12615515 266.396269748 260.072010583 259.250843234 255.528339781 252.46657086 248.019682545 243.151878756 233.828483706 233.563374264 228.614366008 225.450676235 216.299583171 212.701944821 214.271329783 216.991982716 214.162805325 214.382399343 212.192533918 213.409097312 211.320149365 217.848975036 213.609457257 215.913749908 218.144155144 220.474985723 217.100240977 221.610444853 223.24351357 225.613061219 230.41714393 239.559059824 247.455560983 247.738795874 251.537123409 252.024510598 258.041635999 264.617411844 264.179674577 269.51723075 263.092183024
285.351865992 281.529929652 279.283595676 274.450727678 261.969482178 260.938385177 257.909091075 260.58615275 252.576508457 262.011232644 260.61340277 257.200032593 262.536061659 253.828640767 248.262786148 246.769032952 244.949542668 241.71569932 235.250097086 229.587931479 221.053825027 218.452898972 213.096682628 215.260041271 212.408244039 214.300684907 216.68714056 215.360425557 212.746260608 217.501456208 221.988701752 216.494702668 212.349361968 216.611604896 228.373495861 223.165894929 213.7346742 225.568393697 230.805765799 227.354426331 233.603282115 246.086439877 242.784167006 242.323704562 244.594803853 250.737101255 254.771775299 260.591471456 263.871148696 259.649619217
284.260736433 284.125874791 279.803669482 271.621799245 262.780552317 261.617450776 256.387508464 257.946056637 249.699336413 254.905163261 251.88728988 249.172435978 248.427523315 254.302605022 249.566744991 244.98811189 245.064913102 241.329870536 232.726610406 228.331200296 221.559843423 213.280700658 211.113244729 212.285166491 213.951491966 216.404731963 220.213622784 216.563031239 217.195332358 211.642342021 214.11244454 211.471806381 213.34840451 216.002688939 222.947415308 223.42483601 223.087991639 222.865942471 220.904764674 222.845050751 231.804556679 239.794973743 237.159741905 236.904308356 238.110611062 238.994348311 246.283708428 254.808222631 247.676090125 249.714001874
287.964651609 288.471629339 279.633166052 272.34817161 261.969618223 259.028011555 255.041663558 251.364205276 248.702385217 244.030662438 227.710782713 238.395433031 241.60842029 246.699997965 258.380821315 245.161368645 244.313470029 240.459495825 238.667988707 229.131670062 222.777242397 213.186779555 211.324567207 210.736935782 210.699670592 220.346012348 227.418636081 218.490402367 219.347111145 213.501781087 207.112980449 214.313386693 215.647371615 219.007824131 225.674316864 220.473719543 223.27314638 221.829401027 222.873302787 224.0278526 231.81635166 233.54276602 234.910164905 232.95962332 231.429152588 230.78048656 236.631833954 235.563029264 230.803564269 234.155544824
289.957274598 286.487950112 271.708705076 269.890828702 264.119622456 259.459036753 248.232018331 244.196956311 240.738061901 236.972934323 232.939600136 229.452065697 232.249516154 241.03508278 243.831088898 243.797003317 236.965953265 238.458757071 231.118760953 224.883071376 218.981577838 215.626070902 207.52235449 208.87222084 216.21702729 218.9487022 220.786027755 223.151100328 218.511349715 212.553520673 217.904447327 219.28035629 214.989673202 211.570795796 220.645665439 228.416002267 222.515979569 218.250230851 217.429571085 213.865076911 220.704665676 227.348501447 226.575804539 228.307966184 227.152518278 224.850638789 225.382991201 226.209991905 220.370853406 226.034171926
292.225511291 283.777252747 272.27530936 266.088957425 274.574449974 257.486711107 244.580349602 242.885103123 239.623441555 239.174639586 238.16867401 228.699595871 222.347118856 233.968425402 231.138469302 236.511981381 235.136732787 235.386493611 223.539266421 218.61954344 216.941477237 214.624368482 207.290099544 210.568745405 208.498395 220.898139993 223.462345355 227.134411643 224.884064357 220.419957346 219.912045057 221.130960457 211.017090153 219.970808613 215.876490182 223.185690397 226.699095244 222.853508333 216.537834019 213.096873326 212.368195793 221.711750137 219.61701484 217.649976478 227.295507622 219.878968913 213.931869052 212.820636598 209.153087608 216.100319036
282.956356801 279.741716913 268.194421051 267.996889571 264.511434643 251.338910273 241.147916594 240.591165194 237.014685935 238.440477162 236.565554408 233.496760963 232.427193922 230.922989366 227.963124167 227.922466862 232.631495788 228.422662001 224.447821681 218.027227241 215.923226406 212.961507164 213.572992315 216.465088474 216.410699476 221.796554397 227.386610544 223.081283007 227.962668835 225.420377217 228.096391553 224.419478462 221.272181097 223.762440088 228.049876285 219.727301647 224.064820965 226.052258046 220.020833133 220.281220383 214.699199271 218.396410993 215.19006119 211.22486992 212.395300798 210.136235723 199.917241295 205.046365663 207.481265848 205.425577175
280.165621347 271.571273465 268.523132714 266.028517837 266.687369023 251.28488794 242.039894941 241.510988793 234.460046481 239.163960235 241.810140469 243.861033313 237.649694833 237.101819826 238.249935682 229.181755286 232.994976227 226.678413431 228.216405588 218.450797544 206.209283189 218.920383171 217.639349389 221.824232751 221.125166044 221.623029905 226.922118724 231.445186927 232.753085704 232.683978248 241.725977606 235.393747607 235.910352541 228.755866308 223.06322262 223.444408273 221.943697858 222.594487699 223.836053902 221.48790409 209.475640571 213.463098537 214.355988274 209.369974054 207.679808681 200.873471893 189.66686089 198.957865082 198.259573857 204.039811608
277.779550077 273.946384776 268.565787113 258.239016906 258.343220241 251.618606925 253.736597048 252.460377112 242.563695159 245.117766133 247.661400728 244.932017256 241.30487045 237.48252104 228.413179915 223.017087188 222.155437677 219.503082513 216.975519435 211.479265203 210.907339729 216.191444257 220.96143496 222.785978344 228.074889257 224.208455682 229.89540389 236.740287572 233.881492876 232.525528592 237.026665964 232.062887223 230.448573508 228.304054236 226.006357023 222.938687522 225.25261355 229.353973745 226.235142666 224.720148682 218.548232626 213.904395421 214.808411105 206.940317585 197.417416748 199.027123637 193.791309758 200.747086862 202.591545055 194.178917823
278.61264785 271.059457687 270.084881902 261.131922037 254.704094781 257.186911002 260.033642342 255.683141268 253.001604819 251.134883115 255.124326835 249.68343429 251.246825427 235.824002312 225.195237832 218.16015272 216.267734323 213.871748376 212.7938227 210.759424646 206.774776689 214.772271583 218.822310769 228.523320379 229.912741145 227.812979616 230.540402652 230.917052811 224.248354664 233.796483995 233.642361855 234.639215454 229.268965568 225.428416934 226.330690955 230.272383971 238.163082017 233.415791626 233.753612294 226.584809153 228.938489303 218.150999336 211.987042375 202.078875053 187.542101784 190.65961261 193.086841019 199.616297393 208.327850422 202.552429603
269.622797166 268.741958141 266.691575778 259.622823044 260.37960015 256.310654327 260.902301989 258.439707496 258.991672401 255.571542466 255.227366572 246.856320917 244.037083765 229.601486799 220.379475655 212.815869055 212.642202429 207.736517028 211.508013605 214.417135893 213.187781366 216.171498801 221.162543675 225.52610096 229.8159234 230.238873625 235.396609851 233.516217979 235.802459771 237.457912971 240.075608469 242.807508124 234.620286514 228.96580749 234.297401985 228.866311977 225.919191515 233.207419667 224.14749079 223.976514421 226.43245098 220.051313123 213.609527985 201.637497352 193.361904168 199.294781293 194.138808338 194.060454814 200.572615423 201.803062638
