BTP Project Sonu Giri/Code/Semester-2 (using GRASS GIS)/Code/future_work_road_bw_patches/DEM.asc
north: 3840
south: 0
east: 3840
west: 0
rows: 128
cols: 128
null: -9999
[rows 0 to 22 of 128, columns 50 to 99 of 128]
275.805313396 286.849166822 305.710439264 298.851406857 296.072609525 301.427494737 306.860623388 296.822695795 290.425018383 298.273338141 309.083686464 305.66053035 306.646212125 298.104587145 302.66500986 296.422592291 295.011163029 295.219042334 292.433988657 297.665401584 300.955698436 308.225524319 317.446209593 317.756079034 317.645228482 324.910550999 326.04453732 316.602758708 307.433728696 298.790250275 301.832489805 293.277458283 299.37922167 304.778409224 306.271556229 301.881119595 304.194279441 296.920123615 294.528482411 302.784568968 306.861124082 311.100211063 313.365723546 301.623102709 291.323293416 282.860083873 271.429847435 287.096702866 298.080336183 303.298126011
286.06730496 293.120082392 294.142616994 295.826039075 299.21118899 298.613270314 302.197451375 294.852661659 295.649518083 297.167055038 299.069349837 299.751597597 296.972101287 295.70996677 297.928307404 295.062491272 293.108126553 292.558175907 299.343696825 296.802919173 304.366085499 310.884022741 311.187860293 317.085705534 311.584268071 317.182996014 320.802041087 318.278368424 306.941439089 300.694460133 300.208324503 291.027772972 296.968160303 301.00264723 303.478492246 303.828628232 301.554753743 303.532399952 300.517801053 298.495498615 305.361526687 308.49902733 302.335340787 300.742572699 293.409969034 288.867467188 291.742199549 299.387053696 305.578706411 308.395700804
293.960042728 294.562567428 284.795541011 296.599438152 293.104861341 297.200139333 299.891985738 298.420883014 292.761612845 288.297772329 290.581920678 288.035693063 290.657342578 296.683622505 298.619806017 291.310778745 294.987744988 299.393254607 301.336308128 302.351496714 311.237030231 309.660758785 308.774848372 309.571271276 298.838479192 313.389687974 317.238611656 313.369864018 310.271409448 299.992896053 292.134623035 294.042442862 296.352980793 299.48242238 300.895541823 303.481147061 294.195337638 300.772791436 309.465721318 303.650174755 302.879685017 302.694346151 299.463409605 299.206478566 293.083039745 296.73634376 300.55280063 301.987474693 310.809963034 314.680546671
294.4083245 293.452889202 296.102449248 304.937246518 294.665074568 296.01795373 292.847906448 292.322553076 288.67097019 287.647592839 277.40657527 286.278904616 290.054032974 298.881291272 298.888461473 294.647718605 292.057656616 295.35898849 294.886187231 304.120642624 306.95195467 308.590521186 310.445048568 304.816540215 310.093916482 317.309777603 314.199075797 308.646437311 307.099927374 301.072797357 294.834576793 295.625970814 293.131839727 291.129283785 299.292910667 304.159639644 303.767801381 303.852011703 311.227083947 308.417466332 302.070609291 296.655686242 296.755453734 296.690781864 308.727437367 303.115989359 308.808497084 303.405621364 308.482694457 320.174851169
291.732674833 293.437382779 299.949886645 300.007215546 297.631216402 300.414045381 301.302260631 292.477022878 290.506072413 279.401376602 269.269965109 282.439094834 294.16901177 297.302119722 302.38240579 293.659317464 290.59362112 292.022257313 285.872365611 298.499046755 303.769412688 311.89337724 316.460161571 316.594094228 317.957978063 321.830996058 324.894579541 317.349171718 312.946034056 304.819136225 297.650799353 290.955232693 283.182226692 292.14825566 293.799763111 301.74104594 308.591305214 313.09257132 316.488994122 307.862889287 304.458567155 302.881996059 294.439383453 301.408723122 311.391285162 313.023554392 314.807795774 312.443655847 305.049745981 317.024692096
297.988921116 301.319586172 305.879463629 308.423486041 297.478358044 294.982938914 296.956871736 291.365259493 286.33648658 285.520897046 279.345862542 288.466947006 293.323139981 291.183398687 292.675341038 290.548927954 290.455449868 289.637338293 294.705409849 304.940040736 306.130928576 310.873194325 312.305455502 320.064871545 321.486892475 323.386608456 319.697890579 312.908210488 309.274139454 305.373493087 305.19363639 294.416179318 293.989369189 297.826910574 297.454669912 304.01829601 310.294167696 316.335832329 315.47751968 311.096843383 309.514307351 305.533137699 301.374846745 304.344640189 312.016126869 312.149901619 313.530753537 320.233724886 316.322491922 316.772470017
301.876597709 304.504784841 299.638471261 302.731908511 294.284999263 296.195584134 299.312366871 294.543909651 278.896364172 288.065295205 287.70914923 289.572538075 296.273083116 289.869601332 276.939578192 288.431230799 290.378973777 294.588874752 297.54172906 306.107038012 305.859025616 313.479759809 311.957113626 318.804327701 321.552485403 321.291212184 319.218072021 312.306817114 308.968895226 305.225188921 300.558020508 300.374860643 296.220860183 298.685765011 306.97076218 313.377408727 316.731822101 314.185108398 312.336820263 311.761681667 316.920127637 312.399281211 307.612203911 306.14227778 310.098422898 310.346802088 314.413142816 320.773350347 323.084157509 320.436566451
300.134535324 295.923944709 298.802173773 302.817013419 295.544963132 299.360690113 298.723112654 296.63868739 290.562341572 286.980093405 283.115520551 290.568894351 288.287483921 288.870302729 280.031986723 285.670679392 286.295488143 293.563831907 298.197119948 306.652731226 313.835522669 319.712618634 322.836511866 323.417064475 320.280100922 315.449833047 314.547698516 307.748100538 312.885769435 307.327480502 304.691574666 306.271616556 306.164707565 307.136257229 306.034243896 317.632741312 320.57283392 318.479390378 314.054945809 316.360793963 315.591001218 321.250492538 317.772304575 318.020667794 314.183843706 316.101869502 312.718571434 319.350789538 314.194839796 314.582697742
299.724059881 298.194776197 300.953224945 304.977091703 297.672860172 305.271853196 312.031900348 303.353205071 292.68505583 288.150325209 283.620063395 282.317472952 281.806427907 282.664061674 277.163756111 282.932829736 289.278731514 298.230420947 296.42549945 309.813262315 319.135371746 326.481611002 345.377080951 325.643534373 326.324658066 316.186782982 311.581240818 311.685475012 310.64572997 310.949565401 317.05032523 310.427999154 313.985663789 313.263467475 305.886062504 312.112044799 321.725586413 320.252179937 316.141759059 313.64497149 313.091548657 313.62098604 321.697946143 313.238875748 309.697578761 305.545646339 322.668084198 316.959308157 306.246261218 311.393682192
297.715505971 296.999079709 295.238919637 298.787210465 296.676304001 302.702091301 302.208261209 302.315266443 294.791936193 286.648142644 289.004729862 282.963068852 280.71358392 275.945130981 280.953593614 279.014362624 289.518751539 300.339877934 302.044870286 300.735071231 311.274272485 318.014037223 325.830018677 324.467479464 319.832956261 315.530754853 312.069966844 310.229152747 311.983532423 311.838519048 315.879436192 316.153333344 315.950451107 316.113234918 313.035482337 315.3705713 321.598002264 320.797443222 320.60469969 313.890421097 310.040283345 309.355714335 312.186916247 309.823049559 310.712916196 310.890822437 312.320970972 313.257442173 316.691707092 316.177699743
297.612209554 294.646264197 284.646396089 292.452323987 297.109053935 297.186454598 291.640265357 298.7113877 304.754830731 294.356891316 286.909253318 284.30902117 285.973648587 282.436632258 282.540025265 286.09912117 297.490375627 298.512569284 305.064043116 306.946319448 309.045367138 317.058112779 322.10697175 322.197458089 318.53225919 314.152726949 311.901723781 311.773650309 304.300936972 312.071468041 314.46756861 315.493029659 313.907801978 315.69812771 313.185729945 318.848259016 324.989544958 322.425468589 327.4480655 316.522740769 311.527323846 309.903496136 314.347862137 308.163926324 307.595605695 310.556039116 313.413165936 319.908270593 324.454356855 324.765020379
285.761356506 284.820971715 290.767017712 293.531070282 291.186918461 290.94279499 293.710235229 291.114277356 296.126406781 291.569210836 291.192797325 293.501637131 281.0864563 282.888901758 285.796881852 291.913695351 297.835178082 299.582608399 307.504578928 308.564261549 313.451541708 319.619385183 324.298966772 324.937683348 319.267530541 317.134163067 310.040855704 311.389114419 312.566455287 309.929731514 313.275970498 317.285653931 315.358805835 321.139674539 322.983680468 320.704965894 318.204219452 317.079687386 315.501311313 315.342509513 314.261510756 311.84011814 305.928734665 307.051180822 307.050909301 314.428642416 320.165091737 319.984281518 322.181127426 331.024181772
285.707185713 282.388178659 283.835732582 286.554555814 286.408178146 288.838911966 294.600526946 292.545376484 296.243493846 297.596206921 295.396474055 288.425822274 282.660890106 281.970221537 286.67144933 288.656689593 297.818218736 303.326325622 312.101389779 312.484139257 320.979053788 318.893573528 324.066578463 317.767999566 317.290312985 319.456216386 317.657478446 319.08074618 316.574003068 312.193007751 314.578516243 316.846377479 319.091714274 324.919407183 334.213740525 321.261822309 315.34625291 318.094783282 319.562915168 324.154172939 311.29081371 308.418198482 299.501809041 301.98291645 306.682506363 312.1673667 322.982166556 322.089344779 318.58047261 326.090289946
282.982228876 279.130646284 280.73672608 283.203641162 285.869642449 290.061052635 290.492230629 288.208150869 294.394054832 296.119398683 291.118841658 291.543417182 283.578477499 284.19497028 280.684381463 289.794331617 295.380058851 307.269252488 306.724389868 307.813691705 313.184454248 323.504510602 319.926684489 316.571865745 320.950546223 320.267246499 316.265518035 321.756333542 315.54358984 313.800123778 315.666094721 322.028629509 323.552685353 326.607159318 329.63635269 319.881734165 322.709739902 328.082693952 322.586338888 326.227975111 320.526265504 310.2208683 310.291465002 305.666384191 309.649025924 304.438843469 312.746745662 324.683310147 322.020537968 320.344263525
288.721887276 280.462265818 281.935603517 284.007194671 284.642682892 292.20191238 295.143778256 291.944919552 285.72690002 294.904834903 294.655568141 285.322920083 277.116302702 278.328828753 286.347329331 284.339756248 286.776482826 295.606189671 297.225476531 304.428600908 308.838418197 317.332452579 319.812525309 321.51304377 311.914167483 316.088952279 317.085350547 315.580158001 315.811339978 311.214587275 316.439532706 315.743672893 321.290905407 321.706836696 330.680620227 319.655246945 315.487330915 327.596889648 325.78091573 323.312016367 322.89381401 317.533398186 312.482224698 308.214728781 308.48173616 305.478308504 311.575778921 319.32790194 317.760761711 319.84414321
293.069844528 287.652655348 286.948658784 290.484028648 292.349711911 291.844969286 299.461851019 300.106813817 298.216282169 291.110264364 296.187422716 289.601827187 282.341482385 285.200651088 282.126732529 283.988366295 286.754162747 287.073972302 291.6230852 299.439416281 306.265889297 315.736948493 319.408463715 322.565236007 316.394635697 308.007526357 314.756323377 314.742561827 315.224512266 312.214612025 310.674617243 314.492612481 316.360077722 320.230984157 324.731936626 322.751411503 320.499384065 331.399116118 329.293430411 322.603918339 321.876578251 319.718224919 310.803924866 305.53726043 303.547282631 304.609842082 307.944606601 307.825619597 314.177936893 312.105972732
293.865468105 289.331017123 282.114344794 289.323711192 289.938553972 294.988664601 304.108439791 302.215132164 302.964987684 291.760481369 298.021261508 285.743716654 290.053231383 282.531310128 282.579218483 285.541887121 289.374542189 290.172003835 294.04823224 297.23509066 303.481656121 308.015103826 317.086032581 317.823365455 316.261756091 311.545955665 311.079472254 313.18653957 318.805730011 312.905264161 308.800202475 315.397363704 311.63059392 317.30869761 316.368497504 319.490440521 320.837150973 326.554063008 335.170249665 328.517830814 329.431755691 316.763234511 314.340452195 308.861964175 305.84821339 305.235344133 308.548416387 309.46119726 310.832021054 316.678524549
293.49963305 294.972436366 287.108209885 293.744658998 284.490599108 294.352014517 297.999575436 300.318854509 296.177049139 292.079790429 290.392798213 281.138085306 277.422367552 282.275057822 284.819387988 284.881748486 285.57815175 289.459439203 291.63483812 299.201162796 301.396626126 311.95523184 309.638679749 316.042613907 318.01140341 318.417666654 312.33939175 310.765379253 315.872834582 312.800173309 314.532676951 320.558297751 313.140479894 316.098188746 317.540008901 323.958832046 330.531276013 328.586200776 334.285584096 333.641554697 328.143673446 324.869000193 321.825269118 317.362415203 310.054550219 309.376274606 306.954563484 307.748369686 310.275011266 318.439800317
289.578546932 291.52857455 297.184156017 292.320515117 280.116584265 281.016442847 283.28117957 286.453653124 283.98815866 286.861531111 294.771043316 282.679608997 273.697178648 274.671443134 281.929508661 283.766171059 285.539011953 289.465545448 296.668307309 298.657987228 302.197655865 304.138455955 311.087857257 310.154144017 316.995361093 309.315667573 305.234815683 307.230927266 311.882760026 313.636233857 314.42169116 317.635014586 310.657559076 315.171204015 324.025452471 326.039944215 332.218822634 331.510546928 341.219360709 334.735503628 323.672174203 325.328689703 322.182425902 319.380320149 317.18998793 314.652793314 311.815247755 311.890272328 314.803291021 322.760295636
285.219412279 292.26303994 291.375190435 289.050960801 284.309913018 279.244149114 274.760543686 278.808219688 282.048066212 286.234257085 285.610957305 283.161382062 280.21146683 279.908554687 282.24450527 287.313557274 287.8927708 283.805698306 290.424994036 290.747324148 295.515185791 296.983578149 303.345280634 309.767332359 309.886737572 308.327892112 310.49636433 305.056922233 308.180488737 315.870183443 317.374533113 313.617146581 312.557371537 314.392932329 316.185725705 320.539446857 325.281197707 325.13016904 336.340703365 338.931048495 330.111199499 327.405471997 324.452288732 316.566123981 314.684095874 311.66147014 316.455849755 316.075485661 320.063087789 330.739293775
284.084608319 286.037195753 286.577942449 283.094118416 281.387809659 274.754117387 273.424891952 274.428336523 278.976223308 276.29400081 280.179349968 282.586899183 289.83236207 286.969299905 287.622545838 291.162323594 289.78837356 284.573152936 279.275249542 288.479334267 295.906534075 296.156794073 297.170884532 302.565489423 308.041559298 310.8837446 308.351338639 306.601892466 314.924036391 313.84761536 322.632697524 316.067582657 315.473265873 316.702462477 314.036342008 317.402878613 321.54788817 332.16085891 335.039207107 330.070155212 329.878349176 327.417333384 330.657004237 320.195531582 317.470578508 316.509664294 313.715763256 316.272985353 326.617647095 326.65354499
285.812318207 284.450521922 282.134294051 276.555805199 272.344484148 270.016905158 268.329554278 274.016463439 278.091249546 280.056833933 283.311078813 282.637373378 284.254502014 291.448363142 289.491882603 293.750164398 292.439964415 294.184651001 286.7774544 293.236207388 298.026263408 293.982938545 298.900137515 296.168004901 302.925265543 305.881576671 303.396865606 306.181375835 307.402657613 309.491875228 314.864175771 314.914227807 311.946071008 312.410669761 312.759293158 314.717973091 318.693708303 336.204229166 332.077669853 331.083542206 328.087532834 322.373870655 325.11191767 325.370033412 320.088089796 318.483809403 314.100852806 316.832146406 324.015485917 327.410553769
277.700067872 277.540368066 272.185907124 270.045313983 262.075156552 265.87712145 267.082670058 269.806676761 271.747143871 279.555832281 281.028288258 284.577758077 280.379688784 286.323836118 290.917254529 292.997417021 285.709114933 289.917209973 287.282200131 290.086907193 305.994564985 299.338538569 301.143366322 293.913855952 296.030940719 297.763299563 299.345401965 303.351717039 301.436918671 306.118779368 312.436384309 311.143633847 308.031970661 309.713679549 312.706998727 316.897430295 323.655918038 329.171285197 328.68845294 325.571983166 325.156136628 323.900659263 321.933081686 325.481397043 323.259248863 317.72894805 308.714267613 319.198217455 323.362101858 329.36685454
