BTP Project Sonu Giri/Code/Semester-2 (using GRASS GIS)/Code/future_work_road_bw_patches/DEM.asc
north: 3840
south: 0
east: 3840
west: 0
rows: 128
cols: 128
null: -9999
[rows 46 to 68 of 128, columns 0 to 49 of 128]
268.146798096 275.025650854 271.39002781 266.44514572 263.226892885 260.902450328 256.03881158 258.477570894 259.89804863 255.179030749 253.824856209 246.178057564 243.043584094 224.434149569 208.900361538 209.863304739 208.622812859 205.957471596 212.079094208 206.074390726 212.351699635 220.343524421 218.721474967 229.409643597 237.394414253 236.581376376 232.292208811 240.759586636 240.247471929 236.734695599 238.844666639 242.597852179 241.083768506 238.208544646 238.405507169 229.241009762 226.336375318 229.58349973 222.662907489 225.83723943 222.477857788 218.269615282 215.814954674 200.542064288 189.944731663 194.833052862 189.860174317 188.797793653 189.089673041 195.274269982
278.985271284 270.236871144 267.943599224 266.146242651 265.606396278 265.039458541 261.728752423 258.442565038 258.811479814 252.700552444 243.796655716 241.321290532 233.796015582 222.266113116 212.331104692 203.816172687 204.734970301 204.351646106 211.07063243 210.71987251 216.493834945 222.031702988 231.447067662 242.547952614 242.61725173 247.299281843 244.406502234 237.955470071 245.427317006 243.031692198 242.429083833 243.200982158 246.108235734 238.138269618 236.058681266 229.867328057 227.578325217 224.817168914 227.606483197 228.897124149 221.568397623 220.390242707 214.169154349 206.296302973 199.185985774 192.1779127 193.822811134 188.094356594 184.858855304 186.728956359
288.803541831 276.571455829 266.876376748 270.526035041 264.904579731 262.943158051 257.93923514 259.549560895 261.798948808 252.955589904 242.515011185 236.132282576 225.430639033 222.197341327 217.788644552 208.714905604 193.188792899 208.800509283 217.558994571 213.075086092 212.653021705 229.664522302 240.993210697 244.47785669 258.676224636 244.705574645 240.864208988 242.046342039 241.261302867 244.316186298 250.153688351 251.759933833 261.665289574 250.121020894 235.525873943 229.451119128 218.369414592 223.371967115 228.665820321 229.38603975 230.505519253 221.325476153 208.422584563 206.369293178 203.90353186 201.456404555 203.557606675 188.343950056 172.166019088 179.363750882
284.282969201 281.214423644 278.556478035 273.220746067 269.815570475 271.443345015 264.410788245 265.599860086 256.190861104 256.085104583 247.521972271 234.612324668 229.499287417 222.325684721 221.825062047 211.435751556 210.999869253 208.460408524 217.201468936 220.666357138 223.089249347 227.924390863 236.733092038 244.306714426 251.657325586 240.774254855 241.562659804 244.412560403 239.727120804 242.215753066 250.078672811 248.820518738 254.125421944 246.827008764 240.037430628 228.559350765 226.913078497 223.652119262 224.652870031 219.473165279 223.383234834 215.466373369 211.796355111 209.432430398 204.196500154 200.45734849 199.072530514 192.439339076 187.250666066 184.39539417
293.582173926 285.045083963 285.332162515 280.400912049 279.679806768 271.741129847 270.140642781 263.103704728 256.651292383 253.083168555 243.612629522 235.031445581 231.174975039 229.036742894 224.998341898 217.288283079 215.32101965 220.077432161 220.165018944 218.153412642 220.299647708 225.625392716 238.950108425 239.823692836 234.953817559 242.7621984 242.816307689 244.459778908 242.330072026 243.34133704 250.788057993 248.351550436 254.95592344 244.684825536 236.21690385 230.143227531 225.495067086 221.463198342 218.361940871 226.473173663 224.904197756 223.22061797 217.186940621 207.84892424 208.718350073 206.502368286 208.237048733 199.805473171 199.102411067 190.197181398
287.270255094 286.478693231 284.810153973 287.193301167 280.692486738 278.986508893 270.713743088 265.12667497 259.745218075 255.340975155 248.488921333 239.569281361 236.386721486 231.164296862 232.686913825 227.434449658 228.134193286 227.125039108 227.973302943 226.399024736 221.554304992 229.494632284 237.246834487 247.852195978 245.480506616 248.27199736 246.660636919 241.539710889 239.630455656 242.199207843 245.937779716 248.361541938 254.016362289 246.907599976 238.021926769 240.24451082 228.282419457 224.719625549 229.822421981 229.951274806 223.079715588 223.63943685 214.67222861 209.846754358 211.607215602 216.197054238 210.934739312 209.623170295 202.299481675 205.339314541
288.405721516 288.434840678 297.586431975 286.93641744 299.674013782 281.44647321 272.426370767 269.634181732 262.792748026 255.661221612 247.72595905 238.325246885 222.064387467 234.279124553 239.698562998 232.520508748 252.14158435 238.057540582 236.991410916 227.427895861 224.216249625 226.737039635 235.393536041 243.794853212 252.281248816 246.87977747 245.410052866 241.537382542 230.655071254 242.467749942 248.604942321 250.478886576 257.879727137 245.731617064 239.124460804 235.565732977 236.573486467 232.785416925 220.651552808 229.820888106 224.839608272 226.591379589 227.873215176 213.338032072 212.383396182 210.978593358 214.709831639 213.756538633 210.425106828 205.563541924
291.473983421 288.224058149 290.658390368 289.619403351 289.030617793 283.121036331 273.734849395 269.653347467 263.671744776 258.745474728 250.720216708 235.281279226 230.992829768 231.13633424 240.373369716 236.188677015 243.417485043 240.201284284 241.000080192 233.906040161 230.624715666 233.424611416 238.65041678 245.496809254 247.313900264 244.367207109 243.724903411 236.369749039 235.625674241 232.676373877 241.785256956 240.306836817 243.651340879 239.436844891 235.71681422 231.913941621 236.215773898 233.235640786 228.392310923 222.342953913 223.8304 228.715873832 224.086451553 218.377903526 208.904255163 215.261812237 212.575880086 210.953850077 209.280761695 209.034732024
289.72505762 287.287564534 278.433133032 280.741185821 284.307706189 279.88773059 270.391762837 265.728672546 260.134667048 252.858295403 253.437997217 242.72255434 232.530151229 240.444369816 239.981735065 241.260397653 240.965186905 241.648549516 248.365981038 236.68465513 233.962946512 235.789775704 245.391557958 247.221517484 246.345789597 248.343412546 243.326553359 236.269515776 230.241800279 229.108561369 230.696069224 232.90066686 238.663167192 237.424470184 231.08597938 235.751120919 235.114102512 228.122386527 225.109455926 225.549765367 216.394306177 223.126129564 220.619873559 215.865334415 203.45408928 212.254804551 208.839209203 208.721557215 212.080109555 202.72338022
297.967008667 294.105166432 284.396285776 281.087049471 282.264204491 277.010159308 269.134928722 262.229821717 253.158976726 247.678776943 246.235200322 244.586674447 242.16111294 245.530667823 241.61632088 240.109425618 243.429491429 246.380980721 245.539662708 240.304802169 237.752610405 239.80729857 246.520561524 247.467982825 249.806571456 243.789695527 244.643040938 233.025948362 234.297020265 230.627165337 231.448575136 232.780208963 230.403363194 230.698959705 233.539948711 228.145511525 228.963318941 226.491781608 225.761668961 223.320457633 223.175224443 218.254364852 223.44014308 217.898749216 208.234025314 212.695403732 209.469968978 208.578306023 206.48415049 198.416539327
311.858152242 296.353862245 296.307065744 281.341469701 273.093880852 270.205916799 267.115754028 258.622293153 249.201020575 244.823125232 245.998748942 251.092022305 248.117122584 247.949205458 244.51625741 244.943405747 245.647073768 245.515015498 243.099340588 242.676377484 236.799302787 239.733806097 251.125458416 250.206848786 256.959376633 246.432604531 246.055805043 242.055981388 239.390292164 231.588982081 223.110647474 226.999996607 222.542624006 228.144892248 228.687468764 229.288700442 232.235972227 225.656981659 221.92621122 220.59966843 227.565937681 221.118442129 222.064273593 214.895521429 204.573741922 207.668742206 204.342043859 211.284727476 211.066395263 200.045448034
301.697494556 296.67475864 293.258173446 283.203396596 272.548803886 274.345779486 264.731881837 259.356650868 252.444598204 243.971158615 245.694500697 254.378558513 259.288876013 253.040651704 252.263123243 250.413584314 250.48745878 252.633835112 255.278963405 254.465379942 251.17649391 240.418397388 248.014798296 248.360826547 248.041543405 240.07802959 237.609371823 235.670487225 232.44545874 234.016016585 230.683824734 228.732828268 226.547348257 221.948760455 226.539147995 222.265986855 220.934668329 216.875991116 214.979801761 218.909493948 218.987200392 218.827581215 217.438480029 217.076476119 215.245561392 211.965662179 205.063451459 203.993445515 203.850997978 200.697511441
289.486157706 291.74430711 301.609052154 278.661305696 267.540020931 273.394643191 271.757728272 262.681979909 253.828426391 252.702970727 262.003705802 260.645344038 267.916266223 262.634644783 263.087102037 256.211623116 254.776937913 259.060002579 268.696366091 261.540948344 256.217450792 253.066633395 256.388286968 252.771431289 248.747237118 245.112900138 235.160607669 234.367784469 230.460903136 235.270407884 242.138358411 228.3412653 231.791369911 223.939988759 213.938265283 213.942752328 212.691758439 213.977911657 216.554864931 213.17785989 214.260318786 217.122016041 220.219724324 217.335073755 216.101684927 210.041396183 203.559052 206.120643922 204.919480752 200.77679651
286.270686347 289.280269512 283.543777552 279.425970061 274.067856572 271.044725711 272.367304916 272.702000942 260.727054313 261.170867468 261.101483099 265.884565909 273.309203771 273.233414151 271.726676424 264.58701335 266.483199185 261.240131996 263.246177677 264.590720175 262.460845956 260.674701309 256.31301315 256.745269102 252.013353926 247.895308224 239.514919446 229.940495984 230.469148304 235.606548392 233.871343912 228.054196358 229.78735023 224.982571804 218.79654329 213.27905042 212.226401621 212.976102983 222.351066896 222.070270863 217.447837361 217.975699694 215.386882469 219.51201517 216.451311197 217.577790552 216.895726573 213.174997027 212.071895455 205.711912427
276.645638986 282.834137028 276.276502415 274.966336222 266.649543003 270.640904041 278.585449321 274.01453019 266.668622563 266.531373491 268.84127161 271.911086517 280.669940664 274.536283267 271.936411446 270.793710628 272.913048431 268.032100355 261.149601103 265.394767536 275.910266256 258.180939727 252.001243583 258.012045702 259.874987315 243.812050882 234.097907444 233.024692488 219.315774423 225.600790912 224.961372355 232.925373604 241.473985464 225.064387885 218.27545367 212.11081369 202.712579472 217.853730343 218.829033814 219.776057453 221.447612217 213.632664123 216.086852712 219.232468109 216.336099833 218.012064645 225.393664539 218.136284866 216.920933441 214.64985833
282.293506668 283.168127019 275.272622034 275.843675008 269.64306075 269.813478954 270.219080219 271.085338194 266.871326056 264.358662353 263.43704612 265.960192402 278.227111955 284.648274877 271.995692153 280.512278768 279.018822877 281.119793563 267.473348849 264.624253332 264.63695248 261.780838751 256.946866227 260.290512162 259.317353742 250.593014283 237.205302686 234.201016378 227.721138342 225.878389282 227.264489711 236.974735572 232.998987785 225.638822542 220.030284086 217.389943442 211.790446 213.529761976 219.895229505 224.416422651 220.260474152 213.468650955 220.899922816 216.798732141 217.262804571 221.447350015 221.108045133 220.673533161 215.919045774 213.499496391
284.393501231 277.917992817 275.016863725 272.936431587 274.238902031 271.895617273 267.796839142 269.935753246 263.192324577 266.563379883 258.148440028 263.665218561 268.018478822 281.446093449 292.083788823 286.506828782 287.823252338 279.656715094 275.910065455 270.126292594 266.608594762 266.473558125 258.151339799 260.269819541 259.950423997 249.861597564 235.859862624 234.855796574 241.415334935 230.727460201 220.489731422 228.343206117 233.87422752 221.134047717 211.707720884 217.233034757 216.574499291 211.947727352 208.821611902 219.648999081 218.187890623 222.302951318 226.404030031 219.153036584 218.808179267 217.880642108 218.652708968 219.314394632 218.15173912 218.244846408
277.00948445 278.793301458 274.845589236 266.760893166 265.669173753 269.343876097 269.554046642 272.999008363 268.387661628 264.084294466 265.622881791 265.440915487 270.249337818 282.365787898 289.371326201 290.120340013 290.236572711 281.604643331 275.579296976 263.951413317 265.656543808 267.173115513 257.860132942 258.669881132 259.64647253 251.553430143 241.023068932 241.381013106 236.944960921 233.29331015 227.77814723 226.437515604 219.379905439 219.052974866 218.42108305 218.789361744 219.502498042 217.827207668 215.212115201 210.911275514 216.391495646 214.465674462 217.956340308 218.096482785 217.83732107 224.078327808 220.127208194 223.984284739 225.918295307 219.659151055
277.628628228 275.938135808 276.331806977 268.92519368 265.050888594 267.22418205 267.461689606 272.142999328 274.61298657 271.302491937 267.113903817 267.078696582 260.546019821 278.727656742 285.716236349 294.981101139 306.540476714 287.148439315 281.843686983 269.252157591 255.593247454 257.538543785 257.169396419 259.077343514 267.034306944 254.787958313 249.336428916 244.778793802 236.677285616 230.25887147 222.389250604 218.803316871 211.678176925 216.991362372 223.414801631 226.531296091 224.728385846 221.183706844 219.675158999 215.703176923 211.342145064 212.588942495 218.616646991 216.856064667 221.370253779 219.021628576 218.268607133 221.531264158 234.077938703 223.091220244
273.908088543 276.040265213 274.384556092 272.281664434 268.09267239 270.100699661 271.687892857 275.528207946 273.878584121 276.582349538 275.846638754 270.292529593 270.086503494 276.940242036 283.638001377 290.246699952 293.153689768 285.623084648 276.69392894 269.693692914 263.762419275 259.774145867 257.817044403 254.111332383 258.390256356 251.570815434 248.331143753 241.007449196 241.135566732 233.320441839 230.9354803 228.754216131 220.943479112 225.175329931 225.709087108 227.034413291 221.558103925 218.987678629 218.71262652 216.952958057 210.287328787 207.534990096 215.69082658 219.049798328 220.244292596 220.169498592 218.880432433 223.628075919 222.010717333 215.026470767
267.063985659 268.806290865 265.288429428 273.818320368 277.149624078 271.77777717 273.075201909 266.312067021 276.205989764 276.481465886 276.447285136 275.255134444 277.462420473 278.959315345 284.93835028 282.207544388 275.639972792 281.177758868 284.780762183 265.777783652 259.752303636 254.184317858 254.000865057 253.499262825 253.354834608 252.328206402 242.652883175 240.415068054 241.571442514 236.342603537 238.04744041 229.820517937 226.010246805 227.339116065 228.794277991 222.271749567 222.966624012 223.87622716 218.800844944 209.791119323 204.123026418 207.090795888 216.693159089 218.397740064 222.773261931 220.533120031 214.88175762 215.11778223 216.031772511 215.788159868
266.175492343 263.791202691 272.335399433 277.011699786 276.962563734 281.80769442 273.521927624 269.184063463 268.789420353 271.677758979 267.969491916 271.121881444 270.233642291 277.847590852 275.482397677 277.397891609 278.039676414 272.538871367 270.80588519 260.375362121 250.410945714 250.664324065 250.771739405 250.447475566 247.401414369 252.195451754 247.793886962 237.966890624 242.985127739 236.283340334 237.292658954 231.12288374 228.307941501 229.482154485 230.455689874 222.97601188 223.735354571 227.810944585 218.412084599 205.610558052 199.753983524 198.392640617 203.014779654 215.363819242 222.016324469 223.144718155 217.258722368 217.05802161 217.229112168 215.002622884
267.17738449 265.330930322 276.813884291 279.04039574 284.409642428 280.615053539 278.334946059 271.316100815 264.295561823 268.157357993 268.864542036 265.241303302 268.626907935 270.875684293 272.736990803 274.305547577 273.098250315 266.186213027 261.622571644 253.710316351 240.135538339 241.358205538 248.018797694 247.118257846 236.358866545 245.336110953 238.416194493 244.366262011 245.454745544 240.675412995 237.393071103 232.842635853 231.20028193 233.292389698 238.825860604 225.057842595 219.21221349 219.447094953 216.328495483 201.702451967 189.531853322 194.84916489 197.570479582 211.466561894 225.364464867 217.695246323 214.427060987 217.011063121 223.87737583 214.120061106
