BTP Project Sonu Giri/Code/Semester-2 (using GRASS GIS)/Code/future_work_road_bw_patches/DEM.asc
north: 3840
south: 0
east: 3840
west: 0
rows: 128
cols: 128
null: -9999
[rows 46 to 68 of 128, columns 50 to 99 of 128]
196.516947205 195.745517967 196.884672694 203.350736319 201.486490358 208.048562897 209.532328615 210.699579666 213.996049883 205.957088725 197.808653237 202.486653263 210.729949751 204.550738472 209.26805601 214.073288109 226.726495678 222.343084697 228.096120624 231.381236856 236.776658759 241.920669916 246.141471538 250.552548418 252.087416616 255.956119096 262.561996862 266.979737382 273.235847757 274.177783443 274.802713656 285.735538731 291.324247091 290.49811112 286.310797855 282.861124535 284.577395533 285.637453546 280.778450826 284.040521746 288.236722425 292.205334724 300.303788243 304.723692042 315.601530366 314.898534099 313.465639882 318.089684746 315.565448988 323.330272908
192.026141066 194.554208544 194.017076898 201.561978101 205.183333491 205.739045256 210.011375171 210.368749096 208.372455064 202.845781083 203.935977415 203.565595813 201.081778315 201.864953505 202.466984987 207.353640383 220.635252397 218.258795857 230.966170932 232.025746117 234.578262785 237.619575639 247.092421567 249.547013831 249.773440078 254.320462645 259.969575581 264.140512449 265.739018317 271.842224502 278.845574926 284.125507141 289.553264451 290.273351902 291.2540123 286.988561668 287.968856144 282.162645755 286.18415205 286.150852983 289.317921584 290.532477227 298.652577132 308.613577481 310.402036816 310.914842831 312.832096556 307.5424552 313.166414042 317.064635813
183.364099629 190.525838178 193.251484505 200.364312168 206.949349188 206.955978663 209.351635194 203.442480593 204.777897138 200.299451424 205.857903278 202.696761196 200.128162841 197.349355461 190.130058954 205.197671255 210.099665782 221.588477273 230.530539867 230.648973114 233.239301179 236.500906451 242.543483241 245.711554039 248.365037386 253.137368886 263.876654064 266.401121145 264.733449586 273.268020241 280.276535835 279.737335387 281.774697491 287.258556583 280.788284424 290.019717234 296.494569982 293.069795437 290.931707116 292.028316847 290.007880879 293.748836453 300.757505871 311.505657258 307.020193388 308.082342659 312.467928968 308.656292152 310.762444573 315.05182534
186.411353493 192.617586011 194.8834217 195.290874041 198.884463045 204.364205558 203.780903012 205.648805188 202.881674743 201.192632791 201.647773188 206.224118922 200.101279506 199.443909121 196.708920946 204.21022521 212.27845732 217.93811151 224.440008288 229.358707795 232.405750377 241.251417829 247.470468803 253.299190845 247.030035471 255.760708541 260.498530986 255.94236598 269.187354544 270.44354371 275.769035953 279.563829863 284.123473304 289.18896403 286.794128924 289.892422777 298.851247342 298.413808805 296.231280291 292.100962797 297.997441331 295.828572055 307.691695185 316.465339082 314.843953435 313.975728356 312.207199687 314.107985839 314.102891107 323.359066176
201.482876908 199.000760903 198.499554858 194.941689472 196.951316534 199.334604367 206.421003056 200.428225722 199.673016855 196.802293145 196.81992276 194.059750602 192.879434288 196.284042997 199.476841177 205.012991138 211.593591949 213.623773146 214.415099641 223.352624288 236.341731879 235.925896389 248.808808392 250.335100181 256.039711871 252.672610846 252.078030385 257.933157132 265.668288599 274.630702692 274.820679039 280.69204854 280.563333402 290.033011727 290.599048282 297.289970336 300.833085061 298.636606008 297.564116727 300.285660978 305.893254473 307.282284836 321.838592549 316.876363552 323.103344672 313.802807022 312.049485146 316.250094644 308.448193932 319.448122849
201.126624067 195.517969734 196.988779872 193.781875401 195.519670854 198.079916144 197.898457745 199.13786977 193.817432639 194.13201 196.972975362 197.634314119 200.823131801 203.180345859 202.710564281 207.291546739 211.126733888 207.937652832 211.580919713 211.82134859 220.333555444 227.008171501 231.285749508 236.016387712 242.747225637 246.475647417 247.36306383 258.800037616 266.151737009 276.932599516 276.030287539 280.687182269 282.204713467 282.911194152 289.688507313 298.668271911 295.637014825 290.408894205 296.714246258 300.480406453 301.710270984 314.362455515 311.970390203 311.834247023 314.658480513 310.21007024 313.568140799 319.370263762 319.218215408 316.819863371
197.110350415 197.293279915 186.615281874 188.476292345 189.874007487 188.693291622 182.368745663 189.1338381 191.082566675 196.611008018 198.019454821 198.903939619 205.674257786 200.937191149 204.031738056 207.421492143 205.951003149 208.325572284 208.959929159 218.82030165 219.375538528 224.403548188 219.639476169 233.629532166 235.018758914 244.278292392 243.469809385 258.840496819 270.575117515 275.188253355 283.334103465 283.009376167 290.7557953 289.950753326 284.9389861 289.187604274 290.772184917 292.42631942 289.90333085 297.973687547 300.768858574 306.846263539 310.589195035 314.430084246 314.913487407 316.783646472 309.844894219 318.837711566 321.599329472 315.231479691
196.97178329 191.02276383 193.225359845 189.228666494 190.276440544 195.798174902 193.300211324 187.335840915 189.424905689 190.863052485 196.314560497 202.990473968 194.371670164 196.099149874 203.471926014 201.398239776 205.933335696 210.293981708 211.949906078 212.563543607 220.697307384 228.467005162 228.07003202 241.252294379 243.368582719 245.715252997 252.802559101 255.559441711 265.630730966 272.013832546 277.787913214 282.812473459 283.066243987 292.698526558 289.882473241 291.880765406 290.267473199 295.775312313 296.903033154 299.843907221 303.815883991 307.471926294 308.601650255 310.935669189 324.343243751 324.63290829 318.103318355 320.900165222 317.556926984 311.444675065
194.975313784 197.601307898 193.520804702 188.072419755 187.310740075 187.483645151 196.100843096 187.902157483 186.528832743 188.437032034 192.26229292 192.550450172 184.870521268 191.017829436 196.730965002 202.095015385 208.568155158 211.851597621 218.646983417 222.845964442 228.058899358 227.929356537 226.470020084 237.677970126 249.002783895 250.090717968 256.076522618 258.87784416 261.371714896 270.451076479 278.963019131 277.796708626 281.408286298 285.189641965 292.453025245 294.262236507 299.013351111 300.881064572 294.184876296 300.508709891 300.197837203 306.406666336 307.877210562 317.927974549 338.28698233 324.779598698 321.616678786 317.232741428 312.344147264 310.972748682
194.704521336 202.720654868 194.29957791 189.449600523 187.789353501 189.135685751 187.363800236 175.045366574 182.98897371 188.859752234 181.632945004 186.903529691 185.478798427 185.460883177 192.042075445 195.274925599 199.576954828 203.869469162 215.355581548 220.553072712 225.044018764 234.155507667 238.841725408 243.634291991 244.308029528 251.341786547 253.860262029 254.17433333 258.958936517 268.855126155 270.226367656 276.470634079 281.130463163 286.867719232 291.037361136 290.048733402 299.619261562 300.633191581 298.949116034 306.830822089 304.003297687 303.991684017 309.11158573 316.264704253 323.190726289 328.775981601 326.251819007 324.475109911 312.973120572 314.730027935
192.844965976 197.362605999 188.395518287 188.087871763 191.050727552 189.661068669 189.871394182 182.847070551 181.845447917 183.457929581 172.44134085 179.052623611 188.453440059 191.361618405 194.198726494 193.292974075 194.318789092 208.876070962 216.305594542 213.710857764 215.904730547 230.238171687 250.109251277 243.266588807 243.985287242 249.703337708 248.839916716 255.843719132 259.706253368 263.904059703 254.559178332 271.512827668 284.952180909 281.967464775 289.79284066 293.438748727 299.274177743 298.811721198 305.189819148 303.786453598 298.879812924 308.873258167 299.112332623 310.357252716 316.520661267 328.018782997 340.531608432 325.783013164 313.551610948 312.460148186
197.959757254 191.694576378 194.057235322 194.284109944 192.177629761 189.497640147 188.478452596 181.146235435 180.621916662 183.81478045 176.928646701 177.064212398 184.23443106 185.172706396 190.434185811 188.248220814 192.637244429 203.687908901 205.463697256 203.136732976 212.538754787 222.605313802 232.119266056 240.279988113 246.730928897 247.743530855 250.562885821 260.099538998 257.543427615 263.15708392 267.350555 281.455625328 283.110687291 288.970840649 289.440108172 290.773799814 295.727123007 298.296564958 305.726867906 305.749671066 310.104443674 312.393685837 305.578008619 298.095167825 313.361914001 320.342316871 323.143008622 324.297486301 317.581922464 312.099703318
198.920675586 197.738325699 197.033514817 196.801455835 194.762779751 190.67060071 189.347661096 186.910076745 182.271278652 185.27593454 181.342281252 175.852783485 172.621208236 180.493195665 184.960675324 186.370517266 192.722139344 192.667171376 200.547949895 205.664823589 207.537221692 219.02787327 226.366004774 241.118622243 250.582418848 249.89082375 255.148252384 258.560081241 263.006950342 264.590533237 274.42358755 281.030767228 293.565027227 287.623693872 285.743823507 292.861804189 294.750645187 301.359677466 307.128506632 308.868338081 317.475100687 312.298507566 310.244221432 310.174412597 314.542129345 318.594125955 318.475042729 318.313216115 316.077021408 316.762253127
206.643760772 203.723157815 204.837532112 203.399268084 194.134236341 196.474827899 193.378134269 190.736036257 182.358765116 180.091993953 175.662552478 173.689759273 180.373985214 187.011219095 192.228689327 194.242941415 189.214712215 186.256775878 189.279161199 198.831570666 209.289435373 215.20713809 223.946084676 235.852773832 239.720713008 245.567226447 251.81836272 258.152064065 262.83589752 267.77882676 272.673270781 284.355179129 283.449386156 285.943761263 286.78099804 290.18708151 298.561981369 301.432010437 304.11112637 311.205608741 312.183108836 304.890801749 305.364572563 309.84437411 304.081431301 306.499163323 308.849682511 315.826717083 320.698281788 330.19314544
212.936057722 206.705754704 218.078061395 204.565957926 191.187116827 197.674242965 200.191618864 189.86880947 183.191545474 176.624658861 165.797759729 166.856073517 170.717606014 179.01988557 192.728956337 185.889543783 184.576508257 183.725055484 188.554439836 196.7652757 208.742175428 219.174983172 220.76597172 228.64605647 232.755093348 240.397271565 245.573096149 255.586809649 268.559430116 262.503531982 267.412264154 273.512580654 273.989472654 279.309771461 281.539674364 289.364694684 301.505136983 300.51629637 301.209274894 307.431096533 308.073063438 307.726150378 297.711182692 303.017878327 302.599242507 301.309461939 292.353259506 312.884712635 319.981895592 328.428137192
211.380479881 217.358291333 216.078223889 209.956494084 200.288985292 194.385151418 194.090522766 186.377387547 185.821630222 181.639791094 177.191901014 169.538011996 162.22786937 167.976798828 177.340153575 185.139315531 181.089794525 181.855875703 188.562863098 208.78271151 208.065140036 214.138904693 214.464940598 221.815256619 229.825609579 240.413254142 242.363201619 258.039862231 264.161638764 267.570215146 271.982928 271.787514814 274.534300934 284.134435618 288.1628933 286.838138245 291.133802599 293.83782878 301.053142941 300.972299163 304.326865484 305.638182379 302.100028868 300.816998598 301.440872438 295.59257798 304.768862026 317.200671325 325.356602993 328.262402551
217.958885536 215.001632469 209.204263216 211.477119505 210.812675805 197.123502857 190.964726126 186.711286851 184.521648315 174.588862137 176.137378603 167.134633731 152.999303842 163.914778794 177.80022613 176.697155363 179.457810307 182.542478351 190.76991287 202.268917997 214.405634342 209.299450281 209.769110857 224.389393597 230.208772623 234.830725537 243.41139621 249.218623126 257.521644524 260.615335435 271.02743401 275.576940266 284.658350479 287.309193591 293.533934579 291.984781525 286.850733151 287.208585018 297.378945242 298.699298335 297.907683185 303.531634327 306.705758034 303.453989721 303.80621338 308.068409461 315.956784647 318.931651927 322.043389848 323.287858592
215.335032842 211.065727448 209.9878414 207.903648655 205.906709616 197.781863465 193.641165033 191.444302273 182.437361304 174.431950361 168.225868638 162.478845138 157.384575876 160.218089716 159.876562957 167.100747883 172.763156647 186.0411912 190.523049876 198.94443822 203.620592024 210.004017564 213.609528236 219.416533818 228.68105817 235.263884365 246.440140545 249.376398317 254.701837778 260.158184559 264.577502946 272.39285578 281.053093486 286.14934131 288.624745538 285.724962693 290.662772307 292.906329622 296.368225429 295.109855761 298.700514874 304.730578015 309.645989924 303.312277785 308.722998095 308.270926341 311.677107082 319.571908395 316.942629061 319.866006177
219.059998398 212.84869578 205.608331835 206.056358738 206.89856867 203.127015625 199.27119319 190.517294917 182.906418216 173.339277451 160.167030705 167.066666141 160.67003873 156.366690902 146.175892663 159.819559219 167.583266888 178.269405947 182.631493574 193.225106366 198.674853255 206.802496061 206.463784004 219.774703253 224.743818772 235.353964069 253.92701873 250.554298555 249.504051741 257.995252801 257.772680194 271.089309364 283.086696111 287.398999487 300.024436885 291.463123922 286.001455545 290.324454797 294.656136145 293.896191051 300.95809723 307.435850423 306.234687705 308.811408382 305.995467261 309.4624366 309.051275525 312.763472144 306.6058668 314.136454641
212.335855546 205.970736722 208.860976814 209.244376979 204.756971672 203.313088141 195.574417275 183.75331051 185.222439704 177.688752972 175.056617249 164.220501473 160.321127522 158.263341522 156.675719323 158.208967183 169.218011418 177.995160951 185.360700002 194.805365154 204.443172029 210.213261977 212.744003514 214.42238913 229.435933245 235.07827699 244.677065488 245.790215934 258.189827316 263.501345498 271.380090256 275.880196555 285.400687758 285.531403482 292.37533483 290.907953202 289.971206067 288.071165028 296.328251081 293.227525522 297.560712798 306.774200249 307.303133316 304.449098012 308.890124601 309.951406368 313.885693622 306.961403802 307.816812559 305.668361771
209.690774785 212.265094426 207.55362375 207.501748728 210.717706646 203.891483977 192.248800629 192.430058905 181.417737457 183.188760324 181.374612642 175.290330114 165.130768014 165.417469261 173.187006558 169.145315254 179.079883783 182.448855305 188.308558175 196.297536217 208.295464686 210.371403377 223.761984988 229.579598454 236.133314025 240.59576698 242.170103549 245.823249773 260.793767033 267.796355296 273.839707155 278.108357958 282.327477378 285.902479733 295.265537277 287.616910495 280.108832141 295.712714019 299.550505811 297.902922499 297.700882748 304.435591661 305.481720544 305.479466663 314.941885116 310.648393973 309.637800018 308.232928804 303.161451709 304.135790425
213.990963782 211.300582997 210.212533899 207.838885111 204.964625159 195.993693504 196.005838996 200.302210068 191.673644316 185.78871373 187.833323074 179.906374215 175.128337938 173.254080497 174.629167909 179.477468608 185.007338408 191.852132222 195.9213186 203.864628172 204.818002262 215.028494 223.640199821 231.419276617 235.324454929 239.133079585 244.47798674 252.235608417 264.30802313 273.813838263 279.193079546 286.60610513 280.529064055 283.464778194 286.855785588 293.195549397 291.697562398 298.948283992 300.033829359 303.505593165 299.440307665 299.891622022 307.068285493 311.857573059 309.34545651 306.283355506 307.961961837 305.411045128 301.267713726 295.206417524
210.52068872 208.220544195 209.031346483 207.364642944 206.824532399 201.631175606 194.670365852 200.616142854 198.56124395 195.725745043 192.036649777 185.385507967 190.844286256 184.502190775 184.406483021 185.77188753 192.991938739 194.319630051 197.862631958 204.059310008 202.84807015 213.659831826 222.611947972 228.022296572 241.861313523 241.252075289 247.297986109 257.736818815 263.059189316 272.375674056 285.859916979 285.586560101 276.895223138 285.246649157 292.008725978 287.60339415 294.092743302 297.649450619 308.284913591 300.650963362 301.246381165 301.993803982 309.342954403 310.410490844 305.828670779 305.514160238 308.279100859 303.417223032 293.716889112 297.259368142
