BTP Project Sonu Giri/Code/Semester-2 (using GRASS GIS)/Code/code version 1.0/DEM
north: 4928050
south: 4918050
east: 609000
west: 603000
rows: 200
cols: 120
[rows 80 to 119 of 200, columns 0 to 90 of 120]
1114 1122 1132 1123 1132 1122 1119 1101 1085 1097 1105 1101 1106 1100 1103 1106 1119 1099 1085 1086 1080 1083 1083 1083 1080 1078 1068 1068 1060 1052 1039 1033 1022 1026 1022 1012 1008 1007 1005 1001 1006 993 992 976 962 957 954 943 929 937 939 948 953 952 958 956 959 946 933 925 907 906 905 902 887 899 902 904 893 894 894 889 882 885 882 887 886 880 885 890 898 884 881 875 876 872 858 857 853 845 851
1118 1121 1123 1124 1114 1109 1104 1099 1100 1095 1092 1092 1097 1096 1098 1101 1099 1096 1090 1088 1085 1084 1088 1089 1080 1076 1070 1064 1060 1058 1046 1037 1028 1030 1022 1016 1008 1008 1004 1007 999 994 982 975 963 957 951 945 941 935 937 941 948 949 948 947 946 936 924 917 910 902 899 894 888 896 891 898 897 887 888 881 880 884 884 876 874 881 885 883 886 877 876 874 868 867 855 849 849 835 842
1123 1121 1115 1120 1122 1114 1105 1099 1102 1091 1088 1090 1082 1089 1091 1091 1088 1087 1087 1085 1090 1081 1075 1078 1079 1078 1066 1067 1061 1057 1050 1040 1035 1027 1026 1017 1015 1005 1005 996 1002 987 976 970 966 953 948 950 940 938 940 943 940 943 949 942 935 928 917 911 904 897 889 886 881 887 884 889 891 889 885 881 882 881 874 876 876 873 875 878 885 873 857 867 855 853 844 850 838 837 835
1108 1110 1108 1116 1114 1113 1098 1092 1094 1091 1086 1093 1087 1089 1088 1081 1079 1077 1078 1080 1083 1085 1080 1080 1080 1072 1068 1068 1055 1058 1047 1038 1034 1026 1023 1011 1005 1002 1005 994 994 988 983 965 965 960 952 948 946 938 937 935 932 935 938 931 929 922 917 908 897 896 885 880 882 883 886 884 887 883 880 882 882 887 877 874 872 867 867 875 878 875 867 862 853 855 847 848 842 836 836
1097 1097 1103 1109 1107 1106 1092 1090 1080 1087 1085 1090 1089 1082 1079 1073 1070 1070 1063 1079 1085 1086 1081 1080 1085 1067 1057 1061 1056 1049 1044 1036 1021 1021 1020 1009 1004 1003 1007 999 997 992 978 973 960 955 946 941 942 933 928 928 926 932 933 931 931 925 919 909 885 887 887 884 888 886 890 883 870 881 876 875 879 880 873 871 866 866 876 870 873 867 862 855 845 850 843 841 833 833 824
1085 1088 1097 1105 1103 1102 1095 1087 1082 1082 1079 1078 1076 1075 1078 1077 1071 1072 1072 1077 1074 1080 1081 1076 1080 1078 1068 1060 1053 1047 1045 1033 1024 1009 1008 1009 1004 1000 1001 997 991 987 975 969 961 951 945 943 940 934 930 927 919 923 924 918 919 920 915 908 896 890 888 885 885 885 891 881 882 878 879 884 881 882 876 873 864 859 862 863 867 861 857 858 852 845 843 837 833 832 829
1083 1086 1088 1094 1100 1097 1090 1087 1082 1080 1079 1078 1071 1075 1075 1075 1075 1072 1071 1069 1062 1064 1074 1082 1094 1085 1083 1061 1050 1049 1049 1039 1022 1016 1010 1004 1002 1000 1002 989 982 978 968 963 959 948 943 940 942 937 938 926 919 923 919 922 918 914 909 899 899 893 881 881 883 882 891 887 887 884 887 885 883 881 886 874 862 859 850 860 862 861 855 855 853 851 856 844 839 838 825
1081 1083 1089 1088 1092 1095 1089 1091 1088 1084 1075 1072 1067 1064 1070 1075 1077 1076 1076 1068 1073 1074 1078 1079 1080 1070 1076 1064 1058 1049 1049 1036 1027 1021 1016 1010 1008 1005 1003 982 975 974 973 960 950 947 944 938 938 938 931 933 924 928 914 917 916 911 905 897 897 893 889 887 882 884 886 894 892 895 885 884 881 876 879 876 869 857 853 856 858 857 853 846 844 845 848 846 841 840 832
1080 1076 1080 1086 1091 1089 1080 1081 1084 1078 1072 1073 1064 1064 1070 1075 1084 1080 1081 1078 1082 1075 1084 1074 1075 1075 1077 1067 1067 1054 1042 1033 1026 1021 1016 1017 1016 1002 988 976 965 968 962 955 947 942 941 936 940 932 925 924 922 916 916 914 906 913 911 901 890 889 881 879 881 883 882 888 895 888 879 883 877 870 874 871 871 862 864 859 867 857 847 845 828 839 838 839 837 838 831
1078 1073 1076 1082 1086 1079 1081 1082 1078 1071 1071 1070 1063 1067 1072 1073 1075 1073 1073 1082 1085 1080 1080 1074 1072 1072 1072 1067 1058 1051 1038 1033 1029 1018 1014 1014 1009 995 988 977 970 962 958 946 946 942 936 942 932 929 919 916 919 913 909 902 903 906 903 895 894 881 880 871 872 877 882 888 885 881 876 876 871 867 866 855 853 854 852 855 854 846 849 850 841 842 838 843 840 833 834
1080 1073 1073 1077 1080 1079 1077 1079 1075 1068 1068 1062 1056 1062 1061 1068 1070 1072 1067 1075 1088 1081 1084 1081 1079 1072 1065 1059 1046 1044 1033 1026 1024 1017 1013 1010 1000 988 973 972 973 959 952 943 948 937 933 931 933 922 914 911 907 903 896 903 904 901 897 892 893 887 882 881 881 879 875 877 876 870 873 868 865 861 859 850 838 846 841 846 846 844 852 847 848 840 830 836 848 838 837
1089 1088 1081 1075 1079 1084 1078 1082 1078 1070 1069 1067 1057 1064 1061 1060 1068 1074 1076 1079 1082 1084 1087 1085 1082 1076 1068 1058 1051 1041 1030 1021 1024 1011 1013 1006 992 985 973 970 963 953 944 940 935 928 926 917 918 910 913 910 903 894 893 888 896 898 895 898 889 887 882 879 870 869 865 871 858 859 859 859 862 857 851 842 832 834 834 839 841 842 844 845 843 837 835 834 843 838 832
1098 1086 1078 1078 1071 1081 1078 1081 1083 1075 1066 1061 1052 1056 1061 1064 1064 1068 1081 1084 1086 1089 1089 1089 1087 1077 1064 1062 1047 1039 1030 1032 1039 1023 1005 1005 983 985 988 972 962 950 938 927 918 922 919 909 903 910 916 908 906 897 892 889 887 896 896 890 889 886 871 871 852 857 858 858 854 849 848 852 849 853 849 840 827 825 822 829 829 835 833 837 844 833 831 836 840 835 824
1095 1087 1087 1081 1081 1082 1073 1081 1072 1068 1060 1053 1055 1058 1060 1064 1066 1068 1078 1082 1086 1096 1087 1085 1082 1074 1070 1065 1054 1046 1041 1041 1031 1026 1013 1001 990 983 979 970 958 949 937 922 920 919 914 903 903 905 905 906 905 902 894 884 887 891 889 883 882 885 879 868 863 858 854 848 844 845 846 846 845 843 846 836 832 819 828 828 826 833 833 829 833 830 832 825 831 827 824
1097 1094 1095 1087 1079 1073 1062 1077 1075 1060 1052 1056 1067 1054 1059 1060 1070 1070 1088 1086 1083 1083 1089 1084 1080 1073 1068 1061 1062 1050 1050 1045 1033 1031 1027 1007 994 979 975 966 956 947 937 927 919 916 916 908 902 896 903 906 906 897 891 884 884 886 880 883 883 878 884 870 867 860 860 847 840 840 849 843 839 844 854 838 833 830 824 818 813 824 827 828 828 832 836 826 820 825 818
1102 1101 1095 1094 1083 1074 1074 1071 1071 1062 1061 1052 1052 1060 1056 1064 1074 1070 1076 1073 1076 1076 1083 1085 1084 1075 1064 1060 1058 1051 1049 1048 1038 1035 1017 998 981 974 968 965 952 947 938 924 922 916 904 900 899 894 899 894 898 891 890 889 888 889 883 884 881 873 875 871 869 864 854 846 841 839 840 827 836 833 840 837 835 827 822 810 809 819 814 821 821 821 828 825 821 824 818
1115 1111 1108 1095 1085 1084 1076 1079 1082 1069 1068 1056 1046 1056 1064 1071 1076 1065 1064 1065 1075 1077 1082 1084 1086 1075 1066 1059 1060 1048 1043 1046 1049 1030 1023 997 971 968 969 964 957 940 939 927 926 915 904 894 895 894 894 893 889 886 880 889 896 883 890 879 876 873 872 868 875 868 864 847 834 826 824 831 829 830 827 834 843 826 818 806 792 804 802 812 811 822 822 823 826 819 815
1108 1113 1102 1091 1093 1080 1080 1073 1075 1063 1058 1055 1053 1057 1061 1066 1065 1066 1066 1067 1069 1068 1072 1075 1077 1066 1059 1056 1049 1044 1035 1044 1035 1032 1012 993 978 969 969 961 948 940 937 923 924 915 905 898 892 885 883 886 887 891 883 884 884 880 877 873 872 873 866 863 861 854 850 838 828 820 823 823 825 828 827 830 828 827 815 806 803 801 804 810 805 813 817 815 815 812 808
1109 1105 1102 1096 1084 1082 1078 1077 1072 1068 1062 1056 1057 1065 1065 1058 1061 1061 1054 1060 1066 1065 1065 1070 1076 1064 1056 1045 1039 1040 1036 1037 1026 1023 1014 996 977 973 975 953 939 937 934 923 912 909 904 897 881 882 882 887 889 883 877 874 875 873 871 870 866 861 858 858 855 847 836 832 826 820 820 821 827 822 820 817 823 824 821 805 796 798 810 803 800 807 817 813 809 805 803
1108 1104 1100 1095 1086 1084 1083 1081 1073 1070 1064 1062 1058 1060 1059 1064 1056 1053 1052 1058 1064 1068 1064 1068 1065 1060 1049 1042 1036 1029 1037 1033 1029 1020 1012 994 985 975 969 958 944 931 930 918 913 904 894 892 878 885 879 882 881 878 876 875 874 867 864 854 855 856 850 856 851 838 837 821 821 818 810 817 816 811 814 807 812 813 811 805 800 798 800 802 795 798 798 800 802 800 791
1109 1102 1100 1092 1078 1084 1084 1083 1084 1077 1072 1063 1060 1060 1066 1054 1047 1053 1056 1056 1059 1062 1062 1061 1067 1055 1047 1041 1038 1033 1036 1028 1025 1017 1003 990 981 972 964 952 938 928 916 910 905 900 892 887 875 881 889 872 872 870 876 871 872 862 856 854 851 848 839 844 853 839 837 821 818 808 809 806 808 808 802 805 807 809 808 797 794 795 797 791 781 787 793 794 789 787 780
1102 1104 1099 1092 1085 1081 1084 1079 1085 1078 1071 1062 1064 1059 1055 1054 1056 1042 1047 1050 1057 1058 1053 1052 1054 1048 1042 1030 1032 1025 1026 1012 1020 1013 1003 987 979 971 962 947 934 932 917 906 903 898 892 892 877 869 878 868 867 865 865 864 865 864 854 849 842 839 837 838 833 822 823 811 806 799 802 793 798 798 800 805 803 802 798 793 790 791 787 785 785 781 793 791 784 776 775
1106 1102 1095 1094 1097 1089 1077 1080 1088 1076 1062 1064 1052 1060 1056 1056 1055 1047 1041 1054 1058 1055 1056 1056 1048 1047 1039 1038 1034 1028 1023 1019 1020 1012 1004 992 982 972 969 948 929 920 905 905 900 898 892 888 882 878 873 867 865 862 860 858 857 859 848 843 840 840 838 831 820 820 813 810 806 798 794 790 786 791 799 804 800 799 794 793 790 789 783 778 785 786 792 785 776 768 768
1113 1110 1101 1103 1096 1094 1087 1086 1080 1075 1069 1071 1068 1058 1057 1052 1046 1041 1042 1051 1056 1056 1058 1054 1052 1045 1042 1030 1036 1036 1029 1027 1021 1011 1003 996 985 969 961 946 930 914 910 896 899 898 888 886 882 878 870 865 864 861 856 856 853 851 846 842 842 836 830 822 814 810 805 806 802 796 791 788 790 796 790 797 800 790 792 789 785 788 783 777 781 784 777 768 761 761 763
1123 1115 1107 1104 1095 1095 1089 1082 1079 1078 1079 1078 1078 1068 1062 1051 1035 1044 1050 1053 1060 1059 1052 1055 1051 1052 1042 1045 1042 1037 1036 1029 1024 1012 1004 998 989 970 954 940 920 919 917 904 895 896 888 887 881 877 861 858 861 853 853 849 847 845 837 844 852 831 819 810 806 806 801 799 804 795 798 783 782 783 780 796 809 803 801 789 792 790 793 782 776 777 767 759 745 748 756
1117 1117 1107 1108 1100 1097 1089 1082 1083 1083 1079 1084 1078 1076 1062 1053 1040 1040 1047 1047 1050 1053 1050 1059 1055 1049 1045 1036 1039 1034 1037 1030 1023 1017 1007 996 985 976 955 939 926 929 913 904 901 897 889 886 880 879 867 854 859 848 846 845 846 843 835 839 837 824 813 810 805 807 792 786 789 793 788 782 783 780 782 793 794 792 794 790 790 786 791 783 776 775 773 758 751 748 758
1120 1116 1117 1106 1102 1099 1093 1088 1089 1086 1088 1081 1078 1074 1061 1052 1037 1039 1049 1041 1043 1047 1044 1050 1048 1050 1040 1039 1031 1035 1039 1031 1027 1019 1007 998 985 970 954 947 938 932 918 910 901 900 888 888 885 873 863 855 850 846 829 837 840 834 830 826 831 818 808 806 806 791 777 781 784 783 795 785 784 780 787 784 791 782 778 784 788 793 801 788 777 776 773 760 755 748 754
1117 1116 1114 1119 1115 1109 1105 1101 1100 1099 1089 1073 1071 1067 1062 1054 1047 1041 1039 1034 1036 1040 1047 1048 1055 1051 1048 1035 1034 1037 1036 1035 1028 1011 1012 994 985 974 959 952 945 940 927 920 909 899 889 879 874 863 860 855 844 843 834 839 836 832 825 821 821 809 803 800 796 792 784 785 785 782 783 774 774 772 778 781 780 781 779 790 786 785 786 791 785 783 769 753 747 753 750
1120 1115 1109 1112 1123 1114 1111 1113 1107 1096 1092 1076 1067 1064 1056 1049 1047 1040 1033 1030 1029 1034 1034 1050 1054 1049 1046 1041 1029 1031 1035 1035 1029 1019 1019 997 980 973 970 959 946 941 928 925 925 898 886 875 866 861 855 844 837 830 826 828 829 823 823 816 821 803 793 791 789 785 784 782 783 779 779 774 766 764 765 775 776 779 778 791 799 787 786 790 792 783 770 758 733 747 746
1116 1115 1109 1115 1110 1112 1112 1115 1110 1103 1089 1077 1073 1068 1057 1048 1049 1037 1034 1031 1037 1036 1035 1048 1058 1052 1045 1039 1038 1029 1033 1027 1029 1023 1015 1000 988 977 970 954 947 942 928 915 911 898 880 866 860 858 845 829 830 827 822 815 814 814 803 803 797 786 775 783 779 777 775 776 775 774 779 779 775 774 778 773 777 791 790 791 794 788 785 781 781 781 774 763 754 746 752
1119 1113 1102 1107 1110 1108 1115 1117 1122 1103 1092 1088 1072 1063 1057 1048 1048 1034 1034 1036 1036 1034 1030 1051 1059 1054 1051 1052 1050 1039 1038 1030 1028 1021 1012 1001 989 983 968 955 945 937 931 917 908 896 880 861 847 844 831 827 826 821 815 809 803 798 794 792 784 775 767 773 770 767 764 767 765 768 770 778 778 775 784 777 784 791 801 800 794 790 784 780 769 773 778 769 775 765 762
1126 1125 1110 1104 1106 1103 1111 1115 1112 1105 1098 1096 1077 1062 1045 1036 1030 1025 1038 1034 1039 1041 1047 1056 1061 1058 1050 1043 1044 1045 1042 1036 1040 1021 1019 1008 991 974 962 957 944 933 922 905 897 890 875 851 839 830 829 818 818 809 809 803 793 791 793 790 778 774 766 760 761 762 759 754 760 764 773 782 787 780 781 784 787 793 800 800 798 795 788 779 779 769 769 771 764 767 765
1134 1123 1119 1107 1097 1106 1115 1110 1116 1108 1098 1091 1083 1062 1037 1036 1019 1027 1037 1037 1040 1045 1052 1048 1064 1056 1048 1046 1044 1042 1038 1040 1038 1029 1026 1010 991 976 965 951 944 927 918 902 889 883 868 850 817 833 832 822 802 810 809 796 774 788 788 785 779 773 768 762 749 750 757 754 749 760 768 783 800 784 784 780 787 793 799 800 811 795 794 782 785 770 767 765 763 760 755
1124 1118 1122 1111 1105 1100 1111 1112 1105 1103 1096 1086 1081 1064 1047 1039 1033 1032 1034 1037 1041 1040 1047 1046 1053 1052 1048 1046 1041 1041 1043 1040 1035 1030 1020 998 979 979 967 955 937 925 919 906 887 883 870 859 837 843 836 830 825 819 812 800 792 787 784 779 775 770 760 759 753 749 748 762 752 754 766 780 788 791 783 780 782 789 790 792 790 785 779 778 774 765 757 755 755 761 754
1120 1122 1122 1120 1111 1113 1105 1105 1097 1100 1088 1078 1081 1065 1053 1047 1049 1039 1034 1033 1038 1039 1044 1044 1047 1047 1046 1044 1040 1038 1035 1032 1033 1030 1021 998 980 974 973 954 932 928 923 902 878 875 874 863 852 850 842 840 837 826 825 809 800 791 788 781 776 767 760 758 756 748 735 749 749 759 765 770 776 785 778 781 780 782 784 787 792 784 770 764 763 753 744 748 753 754 752
1127 1130 1127 1125 1121 1118 1109 1110 1101 1096 1089 1079 1071 1066 1058 1049 1047 1051 1039 1035 1031 1032 1031 1034 1042 1048 1042 1043 1037 1030 1025 1029 1022 1020 1008 997 976 970 963 944 932 921 912 893 880 874 867 862 857 851 849 846 845 834 823 810 804 795 785 781 770 763 759 756 754 749 741 746 752 753 761 765 771 776 776 777 779 779 778 775 779 777 764 759 756 748 743 742 738 737 744
1132 1127 1125 1124 1119 1113 1109 1104 1103 1090 1090 1081 1070 1067 1063 1061 1053 1050 1046 1037 1030 1030 1026 1037 1035 1038 1036 1035 1033 1031 1028 1023 1017 1006 995 986 966 962 956 949 930 923 909 889 865 871 868 867 870 857 849 849 851 836 831 814 807 789 783 773 756 757 754 755 752 746 742 748 748 753 755 755 768 766 773 771 777 774 777 774 770 767 755 752 741 744 727 732 721 733 738
1131 1132 1134 1130 1119 1113 1101 1101 1096 1087 1084 1078 1071 1065 1073 1078 1065 1059 1051 1042 1042 1040 1036 1037 1039 1045 1037 1035 1034 1031 1022 1017 1004 998 988 983 969 962 957 954 935 922 910 897 878 867 866 869 866 860 850 844 845 830 821 809 800 792 785 770 766 753 754 761 748 737 740 744 748 745 746 750 757 754 761 757 768 766 770 770 762 760 758 749 743 726 724 723 721 724 726
1136 1141 1139 1123 1109 1101 1097 1090 1083 1077 1074 1066 1064 1074 1080 1075 1076 1066 1051 1050 1047 1041 1049 1035 1028 1036 1038 1035 1031 1030 1011 1006 995 998 991 981 974 963 964 948 948 929 920 896 879 873 875 868 860 856 860 850 844 831 816 812 798 790 788 777 774 765 760 749 748 739 739 743 747 738 730 747 751 748 756 757 762 767 763 765 754 758 755 752 744 728 720 723 720 717 719
1144 1142 1138 1126 1112 1102 1091 1089 1076 1070 1069 1067 1066 1069 1077 1075 1078 1074 1062 1051 1047 1046 1043 1033 1025 1027 1032 1038 1035 1024 1016 1005 999 997 987 980 969 965 960 945 938 926 913 894 882 874 870 864 855 853 851 844 839 827 817 811 804 795 790 777 772 769 760 751 748 739 746 747 742 741 739 742 737 738 750 755 757 761 763 774 763 760 751 745 730 723 716 713 712 714 711
