BTP Project Sonu Giri/Code/Semester-2 (using GRASS GIS)/Code/code version 1.0/DEM
north: 4928050
south: 4918050
east: 609000
west: 603000
rows: 200
cols: 120
[rows 160 to 199 of 200, columns 0 to 90 of 120]
966 973 985 977 970 981 988 989 980 980 972 971 951 965 970 956 935 953 968 965 950 968 969 963 961 955 951 946 936 935 939 930 913 917 915 915 914 909 911 909 914 900 896 901 901 903 903 911 916 907 900 896 888 888 880 878 882 869 856 842 818 823 816 812 807 802 794 777 767 774 770 771 775 770 768 778 789 782 782 783 792 789 787 783 785 786 785 793 808 800 792
971 976 981 983 982 984 988 988 980 979 977 973 968 967 964 959 953 962 969 968 967 973 965 964 961 950 945 942 937 937 938 925 917 919 919 913 914 904 908 901 906 909 907 906 905 910 914 912 907 903 900 896 884 876 876 881 878 875 860 850 836 824 827 826 815 811 798 782 781 779 780 783 784 779 782 788 784 784 782 780 783 781 788 789 784 782 791 782 799 802 800
972 980 994 992 993 986 1001 993 991 984 985 978 976 969 969 962 964 965 983 973 979 968 967 962 961 956 947 940 941 940 938 927 918 914 920 913 908 910 905 907 908 916 919 913 914 918 911 909 905 906 900 890 880 882 882 877 884 876 873 862 856 844 832 823 825 811 798 792 785 785 789 789 796 788 782 787 795 788 787 781 782 783 787 787 787 788 790 796 793 798 804
978 978 985 990 991 992 994 993 993 982 979 983 979 975 973 971 963 975 977 976 973 970 966 964 963 955 947 940 936 930 935 928 920 916 911 916 908 906 902 902 907 904 908 916 920 924 914 911 902 901 903 888 882 881 874 874 874 862 869 864 856 848 833 825 817 810 803 800 794 790 792 801 802 797 787 793 795 790 785 780 780 785 783 786 794 795 795 798 799 802 803
973 980 983 991 991 995 998 996 1007 995 982 986 985 981 978 971 972 975 983 978 976 973 965 965 964 955 945 938 930 930 929 932 929 920 911 911 907 909 906 903 909 906 901 912 926 916 909 909 903 902 907 895 882 880 870 871 870 866 865 861 859 848 833 824 816 804 804 801 801 799 801 796 809 797 789 797 795 792 783 781 787 777 775 781 796 794 790 794 796 803 804
983 984 986 989 997 993 995 988 994 993 982 988 983 976 976 973 973 975 978 975 980 978 976 968 964 956 949 942 934 936 928 927 930 920 909 902 904 901 900 895 898 895 898 911 909 911 916 913 908 906 906 893 890 884 882 875 873 864 863 856 848 843 832 815 813 809 810 796 805 807 804 796 799 804 798 794 790 782 780 770 773 772 765 769 788 799 803 795 800 801 798
998 995 992 994 1002 997 998 996 994 992 981 985 985 976 977 975 974 977 978 971 983 978 975 971 957 954 951 946 939 935 929 931 935 924 912 910 893 893 894 888 886 888 890 901 904 911 910 910 903 904 909 902 900 892 887 876 865 865 858 856 848 843 838 820 811 810 810 804 806 810 810 806 799 801 801 796 793 781 766 765 771 764 760 769 783 797 819 803 796 801 807
1000 994 994 997 999 1002 997 996 995 990 982 975 976 979 973 984 981 981 977 969 967 969 967 964 959 955 950 946 942 936 936 929 928 923 923 909 904 895 888 885 878 885 889 898 906 905 911 904 906 904 904 906 901 893 889 880 868 859 856 853 847 839 830 822 815 804 813 813 809 813 809 808 814 803 801 799 797 783 763 753 757 756 756 766 782 788 806 805 803 805 807
1008 1002 1004 995 994 998 999 995 1005 989 988 976 969 980 975 986 990 986 980 972 963 969 967 967 960 952 954 950 950 942 945 933 925 928 921 914 898 888 879 875 861 882 893 898 911 909 918 916 911 909 901 901 897 886 877 870 866 855 847 849 843 835 828 822 814 811 808 806 805 814 813 815 821 810 801 806 799 780 758 751 732 747 749 762 772 790 796 799 814 804 798
1006 1003 1003 994 993 991 993 983 988 983 979 971 976 977 978 983 986 983 972 971 965 966 965 963 958 960 958 952 949 956 943 933 931 928 927 920 903 895 888 877 881 887 890 896 906 911 917 923 918 904 908 901 897 893 884 872 868 865 853 847 848 836 833 820 819 822 816 810 811 814 809 814 813 809 805 796 790 766 753 746 744 753 753 768 773 780 788 795 799 798 797
994 1002 1000 999 995 991 986 988 982 980 978 973 969 984 985 984 979 983 980 970 970 966 965 963 963 964 963 952 942 944 948 937 930 932 939 922 906 900 891 894 893 895 898 905 917 913 923 922 918 911 909 902 891 890 882 879 881 866 851 851 850 841 842 831 827 822 818 819 823 815 803 805 815 800 795 790 786 771 754 748 751 748 758 766 775 773 787 788 801 793 784
991 990 989 997 998 991 988 980 981 978 978 985 984 982 986 989 990 991 981 970 972 965 969 966 962 964 962 952 943 943 938 939 939 934 931 928 918 912 907 905 907 905 905 912 922 915 922 922 920 914 913 906 901 890 885 881 876 868 859 853 849 839 839 829 828 831 824 820 821 817 810 809 807 795 787 785 776 771 754 739 738 734 744 759 771 776 783 785 790 786 783
982 984 987 997 1002 990 985 984 984 987 985 982 987 988 988 993 1000 993 982 974 966 963 969 968 970 962 954 949 943 941 938 943 953 935 930 931 932 922 917 914 921 917 919 920 926 921 924 923 923 917 920 914 910 890 882 876 880 865 868 859 852 845 851 838 834 831 822 825 819 822 814 817 810 803 792 778 768 762 748 731 724 731 735 757 769 772 772 775 773 779 779
980 987 987 998 999 993 985 988 990 988 987 982 991 993 997 994 1003 999 985 982 973 967 965 960 968 965 953 952 945 942 941 943 940 940 938 933 934 925 920 916 921 923 920 923 928 922 920 918 915 916 908 901 899 889 872 870 864 862 863 861 853 852 853 842 837 833 827 830 824 824 820 821 812 802 787 774 766 760 746 742 725 731 741 744 758 763 767 771 773 770 772
979 975 975 985 998 987 987 991 996 992 987 993 998 997 1003 1000 1004 998 993 986 975 963 947 957 963 957 940 951 952 950 945 944 937 943 949 936 937 930 925 920 921 922 921 923 919 927 929 921 909 910 902 895 895 881 867 864 857 863 866 861 852 851 859 846 831 833 830 832 827 824 839 825 801 794 783 771 765 750 744 733 719 734 742 750 754 766 767 766 770 768 769
970 978 982 991 996 992 991 997 990 992 995 996 1000 1000 1009 1007 1009 1001 993 988 983 970 962 959 962 964 951 951 952 951 947 947 948 945 937 934 938 924 924 925 922 925 926 924 925 930 927 925 917 913 903 890 891 887 871 860 850 848 860 857 853 847 854 847 839 835 837 835 827 821 825 818 806 787 778 760 758 756 745 736 725 736 743 753 760 764 766 767 768 760 760
958 971 983 990 1004 993 984 991 996 1002 1002 1002 992 1003 1008 1013 1020 1011 1002 995 992 982 975 971 967 956 958 952 954 947 944 948 948 942 940 934 937 929 925 923 915 925 932 931 931 928 921 920 924 909 892 894 890 878 862 857 848 849 863 856 848 852 853 847 843 841 842 833 820 826 832 817 817 795 783 769 760 752 742 730 721 732 743 751 765 756 761 766 772 757 757
968 967 980 990 996 987 988 992 996 1006 1003 998 1002 997 1004 1010 1012 1004 1000 999 990 990 984 977 969 962 958 955 954 949 948 945 947 941 938 934 940 934 932 931 924 929 934 932 927 928 924 920 916 909 896 898 885 876 866 859 848 853 852 855 846 846 843 854 839 832 830 821 816 820 820 808 806 799 783 771 763 749 742 739 736 739 745 749 754 754 755 756 763 753 756
977 973 975 984 994 987 984 997 1002 1005 1002 999 1015 1003 1007 1012 1022 1012 993 995 995 989 987 984 981 975 969 963 962 954 950 950 951 945 947 939 939 937 936 926 917 927 933 932 924 921 916 920 907 902 897 893 885 876 865 864 844 851 851 845 838 839 838 837 837 827 818 814 812 811 815 805 797 792 779 774 770 756 741 742 735 741 750 748 758 749 751 756 761 760 747
974 969 978 987 991 999 994 1006 1008 1004 1001 1007 1007 1008 1004 1016 1020 1017 1006 1001 996 991 984 986 987 991 975 964 963 960 954 958 957 957 949 942 940 945 939 937 936 937 934 925 921 919 910 909 906 906 898 900 891 885 868 861 850 852 851 840 840 844 839 836 833 827 823 818 813 813 805 797 791 786 782 771 767 762 756 746 744 750 751 752 753 749 752 753 765 759 755
971 973 977 986 989 994 998 1008 1020 1005 1004 1015 1013 1012 1002 1020 1030 1017 1013 1004 995 989 975 988 996 987 986 974 957 964 958 956 958 955 960 956 956 953 941 942 943 938 924 924 920 913 904 906 903 902 901 901 891 884 879 862 851 849 841 838 840 840 836 836 839 824 814 814 808 807 801 797 786 782 775 770 759 759 759 753 749 750 755 753 750 749 751 762 766 761 764
978 977 982 984 989 997 999 1012 1015 1011 1015 1019 1019 1019 1020 1023 1025 1023 1018 1014 1011 998 995 995 997 989 986 981 971 960 960 959 957 955 959 959 957 960 956 954 947 934 927 919 919 914 912 907 902 897 895 895 890 883 871 870 855 844 839 844 842 837 832 831 830 818 812 807 809 811 804 798 787 782 772 775 765 759 760 752 757 759 760 754 756 760 755 759 762 758 765
984 984 988 991 996 998 997 1010 1019 1020 1021 1020 1024 1023 1022 1020 1034 1022 1012 1016 1020 1010 1004 1004 999 1001 1001 982 969 969 963 970 963 958 955 959 970 969 971 959 958 946 940 930 926 919 913 902 896 898 886 888 896 877 862 857 858 852 837 838 838 838 835 836 826 815 802 809 811 815 806 800 798 784 770 775 772 768 762 762 762 766 769 765 765 757 751 758 752 759 752
985 985 985 993 998 1006 1014 1022 1027 1024 1029 1028 1026 1031 1027 1020 1030 1017 1018 1017 1018 1009 1008 1009 1007 1004 995 986 980 973 974 968 970 965 961 963 966 972 971 972 969 962 950 943 936 924 914 906 895 897 886 881 882 877 867 861 853 850 844 836 844 832 837 834 817 811 815 816 821 812 809 800 796 789 785 785 782 776 775 775 777 771 774 765 772 767 760 756 755 758 757
993 993 991 998 1012 1012 1016 1025 1047 1037 1035 1028 1028 1031 1031 1029 1030 1022 1013 1019 1024 1014 1013 1022 1026 1010 1002 986 980 970 969 972 972 971 967 970 978 970 974 978 991 970 963 949 943 924 913 904 890 887 875 877 874 878 866 861 853 857 847 848 844 846 844 830 806 814 816 823 827 820 813 807 793 796 795 790 797 785 774 779 786 782 775 778 786 773 765 760 752 756 763
989 981 986 997 1010 1006 1021 1029 1033 1044 1035 1029 1030 1029 1028 1027 1019 1008 1011 1020 1021 1012 1012 1018 1018 1005 1002 990 979 973 971 973 968 973 972 964 969 969 977 980 978 980 966 955 944 927 917 911 899 893 887 887 879 877 869 865 863 868 865 865 853 855 849 840 829 825 828 832 834 832 824 818 807 805 796 795 796 791 780 779 786 782 777 774 778 779 772 770 767 763 763
994 987 981 997 1001 1004 1016 1023 1029 1028 1026 1034 1038 1034 1035 1026 1009 1011 1006 1013 1014 1014 1007 1015 1012 1006 1002 983 973 965 968 972 978 967 976 971 970 974 978 979 969 971 968 952 940 933 925 921 917 901 891 885 879 878 873 874 879 878 880 873 869 867 867 858 848 839 835 840 839 828 821 818 808 801 794 800 805 796 779 785 791 785 781 772 771 775 778 776 773 769 768
986 991 993 988 999 1007 1011 1014 1020 1026 1030 1036 1033 1028 1030 1021 1010 1010 1011 1009 1012 1005 1007 1017 1014 1001 994 982 974 966 969 970 971 973 975 973 973 984 984 985 977 978 968 959 949 941 930 934 925 917 902 893 888 883 887 891 877 884 886 886 880 878 874 866 861 851 846 850 851 841 833 822 813 801 806 804 806 803 793 791 781 784 778 780 772 773 777 774 770 766 768
984 991 992 995 998 1003 1007 1012 1024 1030 1034 1030 1034 1030 1025 1019 1005 1009 1012 1006 999 1003 1008 1007 1016 1001 990 974 974 972 970 970 960 972 980 978 978 984 988 985 998 980 977 967 952 946 943 937 935 922 920 907 889 896 899 895 885 890 897 895 887 885 881 877 876 867 860 863 866 850 843 822 803 813 815 816 814 806 802 793 780 789 782 782 772 776 776 776 776 770 772
991 999 1002 999 1002 1004 1007 1010 1022 1026 1023 1031 1025 1027 1028 1020 1015 1010 1013 1010 1000 997 999 996 998 991 983 976 972 979 972 971 973 978 980 984 979 980 989 988 994 994 979 971 966 957 955 937 939 934 930 917 911 908 911 908 900 905 902 896 898 896 891 888 883 876 872 874 869 860 849 830 826 820 818 817 817 807 798 797 786 785 784 787 780 782 776 782 778 771 770
994 998 1009 1004 1007 1004 1015 1015 1022 1022 1023 1028 1031 1027 1026 1028 1024 1018 1009 1009 1002 994 993 986 987 980 974 976 972 976 977 976 972 981 985 984 987 977 973 981 987 988 991 979 980 965 967 953 948 943 947 930 928 925 919 918 910 909 904 901 901 900 893 894 895 888 879 876 872 860 860 843 842 830 821 819 812 813 803 795 783 791 784 784 779 779 777 773 782 774 768
992 994 1007 1010 1012 1011 1011 1013 1020 1021 1022 1020 1021 1024 1029 1032 1032 1028 1014 1006 1001 998 986 975 969 970 976 980 975 974 974 978 982 985 981 972 981 982 980 989 994 990 989 977 975 969 965 965 964 956 949 940 932 934 923 928 929 921 917 912 906 900 906 911 906 900 891 888 878 874 866 854 848 836 830 831 821 818 806 803 798 794 787 787 783 773 777 777 775 774 770
984 1001 1016 1014 1016 1019 1022 1018 1018 1024 1025 1028 1023 1028 1033 1044 1047 1033 1017 1007 995 993 984 972 949 966 980 974 962 972 976 978 992 980 976 979 994 986 977 991 1003 991 982 978 971 971 973 976 984 968 956 955 946 936 932 933 936 927 920 913 898 907 912 918 938 905 897 889 888 877 866 857 861 852 847 833 820 819 817 807 811 794 784 791 782 782 773 774 777 776 771
997 995 1008 1016 1019 1018 1022 1021 1026 1028 1026 1030 1026 1029 1034 1048 1051 1042 1030 1011 1000 998 989 980 968 965 969 966 964 972 972 980 976 968 969 969 983 983 984 986 991 987 982 981 982 976 978 979 977 972 971 966 950 939 934 935 938 931 929 921 912 913 912 908 920 908 900 894 887 874 865 856 859 858 851 840 834 827 822 810 806 798 792 788 782 777 778 772 771 777 768
1012 1011 997 1011 1014 1028 1036 1030 1032 1033 1026 1027 1021 1025 1037 1044 1051 1045 1030 1015 1015 1001 987 987 977 971 970 969 965 968 970 972 972 965 958 972 982 981 978 986 993 989 983 987 992 989 992 982 980 979 973 965 959 941 931 936 947 938 934 926 924 917 908 909 914 904 898 882 881 874 865 858 852 856 855 848 839 833 822 821 804 801 801 794 785 781 784 776 777 775 771
1025 1020 1016 1015 1027 1030 1034 1044 1043 1041 1037 1034 1031 1030 1035 1051 1044 1036 1030 1020 1013 1002 991 992 983 974 973 972 966 962 968 974 968 970 960 964 975 970 976 987 995 990 989 994 998 992 993 991 988 985 980 972 966 952 943 940 940 938 934 930 929 924 913 905 891 890 884 878 875 869 867 863 848 854 853 854 854 847 837 822 820 809 808 800 789 783 782 777 779 775 764
1019 1025 1024 1031 1022 1038 1038 1052 1056 1047 1044 1039 1038 1043 1035 1043 1048 1038 1030 1018 1014 997 982 990 981 983 976 973 965 967 967 966 964 968 963 970 973 970 970 981 992 992 1002 996 997 995 995 995 1005 992 988 980 983 958 942 935 933 934 937 930 933 922 908 900 877 880 883 878 872 870 863 859 849 852 850 861 872 852 839 829 825 820 817 805 784 789 783 781 777 772 766
1030 1033 1029 1034 1037 1040 1046 1060 1059 1059 1056 1038 1046 1050 1046 1047 1042 1039 1030 1017 1015 1008 998 992 991 989 981 977 973 967 965 963 965 969 972 972 970 964 974 976 978 985 988 993 996 993 998 993 995 989 986 978 976 958 946 940 936 934 929 927 926 917 904 895 883 874 878 869 870 866 863 857 853 855 857 852 853 846 839 832 827 819 813 810 797 792 790 794 787 778 771
1029 1031 1027 1037 1045 1054 1061 1059 1067 1061 1065 1055 1054 1057 1045 1043 1043 1037 1027 1019 1011 1008 1005 996 992 990 995 982 985 971 966 967 963 965 958 967 969 964 964 968 971 983 986 992 992 995 994 1002 997 992 990 979 972 961 956 948 931 938 932 928 929 911 903 891 884 874 870 868 869 861 861 858 857 858 853 847 846 839 832 835 824 820 809 808 805 797 800 790 788 788 776
1033 1029 1036 1040 1046 1043 1060 1062 1071 1073 1065 1058 1057 1053 1051 1039 1042 1033 1029 1018 1014 1010 1006 1006 1003 1002 990 987 984 974 973 967 967 965 967 977 973 966 968 965 968 976 984 990 999 999 1002 1001 994 991 988 982 979 957 960 953 936 939 931 931 923 907 905 892 888 886 873 872 871 868 861 854 855 853 853 854 843 836 835 836 833 821 812 805 807 796 799 787 791 795 784
