BTP Project Sonu Giri/Code/Semester-2 (using GRASS GIS)/Code/code version 1.0/DEM
north: 4928050
south: 4918050
east: 609000
west: 603000
rows: 200
cols: 120
[rows 120 to 159 of 200, columns 0 to 90 of 120]
1156 1145 1134 1126 1109 1102 1097 1079 1072 1072 1074 1071 1071 1075 1070 1079 1084 1073 1069 1058 1038 1039 1031 1025 1008 1024 1034 1039 1040 1031 1021 1007 995 993 991 979 954 952 956 950 936 921 906 896 884 876 879 864 844 857 846 849 849 829 821 815 812 800 795 780 770 767 756 744 726 734 736 736 736 739 731 735 733 739 745 748 754 757 769 766 774 760 750 740 727 719 705 701 697 703 703
1150 1141 1142 1137 1116 1104 1093 1090 1075 1073 1082 1070 1078 1072 1075 1077 1079 1074 1071 1060 1045 1039 1033 1031 1022 1022 1030 1034 1035 1032 1014 1002 996 989 984 969 961 952 951 946 929 913 907 898 890 879 874 868 853 861 855 839 843 831 822 813 803 797 785 785 772 756 756 742 734 734 733 730 729 728 726 734 732 740 743 744 746 750 760 760 758 749 743 731 727 721 712 699 705 702 700
1159 1151 1142 1133 1124 1109 1095 1085 1075 1077 1086 1079 1079 1069 1065 1075 1075 1073 1065 1060 1055 1049 1048 1043 1040 1037 1033 1026 1028 1020 1015 1009 993 987 980 973 967 956 957 941 926 917 911 905 904 885 879 871 853 859 866 846 841 832 822 811 802 790 778 774 766 759 752 743 737 736 730 729 727 725 721 723 733 732 736 738 746 749 758 754 754 742 725 725 722 720 713 707 707 704 697
1163 1157 1149 1143 1132 1121 1105 1090 1081 1082 1085 1080 1082 1075 1071 1067 1076 1071 1067 1063 1058 1051 1048 1045 1049 1041 1031 1021 1021 1015 1011 1005 989 982 977 968 965 956 953 933 920 916 907 900 899 887 880 870 862 861 858 850 843 832 821 817 801 796 780 778 769 761 753 750 738 734 730 728 733 724 717 721 728 724 735 747 745 746 750 749 737 734 731 726 731 721 715 713 702 699 701
1174 1161 1151 1146 1141 1120 1105 1097 1088 1082 1091 1088 1086 1077 1071 1076 1081 1076 1072 1063 1058 1053 1046 1053 1064 1045 1030 1026 1022 1015 1015 1000 984 978 978 971 968 956 945 924 906 909 905 892 887 884 881 872 864 860 857 839 845 832 823 815 803 794 790 774 761 759 760 745 734 733 726 729 735 724 709 714 721 718 731 738 745 744 744 732 730 727 727 727 739 723 719 711 705 699 697
1175 1168 1158 1151 1137 1124 1110 1101 1094 1084 1091 1089 1081 1082 1083 1078 1079 1076 1075 1070 1057 1050 1052 1052 1042 1038 1029 1017 1020 1011 1011 998 992 986 981 978 965 949 940 927 913 914 909 905 894 884 880 868 861 851 846 835 838 834 824 807 802 793 786 782 772 760 749 746 739 736 731 735 724 728 720 718 714 714 723 728 728 733 736 730 728 720 720 721 728 715 715 705 703 699 694
1179 1171 1171 1149 1132 1116 1106 1100 1093 1087 1094 1095 1089 1086 1083 1078 1078 1079 1085 1070 1056 1055 1055 1046 1041 1036 1031 1025 1019 1018 1019 1000 982 984 973 973 968 951 933 925 918 911 913 902 901 889 883 872 862 850 841 838 833 833 826 808 797 789 783 774 762 756 747 746 741 734 728 732 725 725 725 720 712 709 713 721 723 726 722 717 708 708 709 719 717 710 704 704 701 692 689
1186 1176 1158 1143 1134 1122 1111 1101 1095 1098 1098 1100 1099 1097 1081 1073 1077 1079 1074 1067 1056 1049 1052 1040 1034 1028 1033 1030 1029 1014 1007 997 981 971 969 966 962 950 938 928 913 909 902 904 896 894 879 864 862 847 838 833 829 825 811 796 797 790 782 780 765 756 747 740 734 729 730 736 734 726 721 715 710 707 707 711 713 711 714 718 708 715 711 719 713 706 706 698 698 696 691
1212 1175 1155 1139 1135 1115 1109 1102 1100 1101 1101 1102 1096 1095 1082 1076 1069 1070 1059 1059 1056 1052 1051 1037 1030 1039 1036 1030 1022 1013 1001 989 978 971 963 964 975 956 940 926 908 906 900 900 897 887 881 864 852 850 843 836 822 817 810 807 799 786 781 771 766 759 740 739 726 728 727 733 749 729 719 709 699 700 705 704 696 705 709 710 693 700 711 712 715 708 697 705 707 693 673
1181 1167 1148 1132 1120 1115 1108 1106 1096 1097 1092 1096 1094 1095 1079 1077 1074 1069 1060 1053 1054 1055 1052 1043 1037 1037 1034 1036 1027 1011 1002 989 978 977 961 953 955 945 936 932 914 902 900 895 882 881 874 868 856 851 842 833 828 815 815 807 798 786 775 764 757 752 743 734 729 720 728 729 730 721 716 709 698 707 708 712 708 712 709 702 705 700 702 706 711 707 707 703 695 688 679
1157 1152 1133 1122 1116 1109 1095 1104 1100 1093 1095 1095 1094 1080 1075 1079 1073 1062 1053 1053 1055 1052 1055 1042 1037 1036 1036 1034 1025 1017 1003 990 981 972 964 952 935 933 936 929 922 909 903 890 880 871 862 860 852 844 844 833 837 828 822 805 793 782 767 763 753 750 732 734 734 725 717 724 723 722 717 708 694 703 702 711 711 713 708 703 704 700 697 700 712 708 715 702 694 694 682
1144 1138 1125 1114 1105 1096 1103 1102 1099 1092 1096 1093 1083 1078 1078 1080 1075 1061 1058 1053 1046 1047 1048 1046 1045 1036 1031 1029 1021 1023 1000 992 984 972 961 953 936 929 928 925 919 907 897 879 879 870 867 860 858 847 846 841 840 821 813 796 792 786 770 763 758 749 739 732 736 728 723 719 719 717 711 709 702 702 705 715 719 722 717 705 708 709 698 708 708 700 703 695 689 687 680
1142 1129 1112 1108 1091 1098 1101 1105 1107 1099 1094 1085 1071 1078 1078 1072 1069 1062 1060 1053 1042 1045 1044 1041 1050 1036 1031 1035 1024 1016 996 987 988 969 953 939 928 931 932 927 917 909 898 885 881 875 870 866 855 850 842 840 846 827 816 803 782 787 771 765 759 750 742 734 736 725 722 716 714 717 716 708 709 704 708 718 728 723 723 710 713 707 704 711 702 701 696 697 688 683 674
1129 1119 1113 1108 1100 1095 1097 1096 1097 1101 1089 1087 1077 1075 1079 1079 1072 1068 1064 1056 1052 1043 1040 1040 1044 1044 1036 1031 1016 1013 997 988 980 959 953 942 936 937 930 924 921 911 902 892 883 874 873 872 860 846 848 841 836 833 815 801 791 789 778 773 766 762 747 738 737 733 723 720 715 714 704 708 709 709 714 713 723 726 726 719 722 710 711 713 713 718 711 703 699 689 686
1112 1115 1115 1105 1101 1100 1099 1091 1084 1087 1089 1084 1088 1082 1079 1074 1069 1066 1067 1061 1061 1051 1045 1042 1054 1046 1034 1026 1020 1010 991 982 964 960 953 947 942 938 929 922 922 909 907 893 878 875 868 866 859 855 853 836 828 826 819 805 796 788 780 781 775 762 746 747 738 739 725 724 722 715 700 706 709 713 723 720 717 722 719 722 718 720 718 719 724 715 713 709 698 700 706
1103 1107 1100 1100 1098 1098 1090 1084 1077 1078 1081 1079 1081 1081 1078 1077 1070 1069 1064 1058 1058 1046 1050 1048 1049 1049 1031 1027 1018 1011 997 981 970 960 956 950 942 944 930 923 923 914 904 893 878 873 870 865 860 848 848 836 828 822 813 808 793 788 786 779 779 768 757 761 751 748 732 721 719 722 711 714 712 713 720 718 722 720 720 721 724 716 719 718 726 729 718 716 711 707 698
1090 1090 1090 1091 1097 1089 1081 1074 1069 1065 1075 1068 1063 1076 1071 1072 1075 1068 1063 1054 1051 1045 1048 1049 1054 1036 1024 1024 1021 1003 992 981 963 963 959 950 944 942 936 928 926 920 910 895 866 876 877 865 859 859 856 835 818 817 808 800 784 791 799 787 783 770 761 759 762 750 736 724 725 718 718 715 710 717 724 731 725 716 714 723 725 725 722 723 733 727 722 722 717 709 700
1088 1086 1083 1081 1081 1082 1071 1068 1060 1062 1065 1060 1061 1066 1069 1068 1066 1063 1057 1054 1043 1043 1043 1043 1040 1030 1019 1018 1008 1002 985 976 974 957 954 950 943 945 939 930 920 915 904 890 881 872 868 861 857 856 850 833 823 826 815 800 792 799 791 791 784 774 764 765 758 753 739 737 730 728 723 725 721 724 725 733 727 725 723 718 719 719 723 725 731 732 730 727 717 719 707
1087 1081 1084 1076 1066 1071 1071 1061 1058 1058 1054 1062 1056 1060 1065 1061 1060 1055 1059 1047 1037 1034 1041 1041 1033 1027 1014 1007 1004 994 985 972 972 961 962 957 958 949 939 928 922 910 898 895 890 873 870 866 851 852 841 833 825 819 812 802 796 794 788 794 786 776 763 762 754 752 741 740 736 734 735 728 727 726 725 734 734 729 730 726 721 721 720 723 728 729 734 724 724 719 706
1074 1074 1075 1072 1063 1065 1059 1053 1053 1055 1049 1062 1058 1055 1053 1045 1044 1045 1048 1041 1031 1030 1031 1030 1028 1020 1019 1003 992 985 978 971 964 957 956 960 951 950 941 927 919 906 899 886 876 871 866 867 863 858 843 837 824 820 820 812 809 806 800 802 794 785 780 770 760 749 748 746 740 741 736 737 743 740 734 742 735 724 723 719 719 714 717 724 718 718 722 716 722 721 707
1061 1067 1067 1060 1050 1060 1059 1058 1063 1057 1046 1050 1060 1050 1050 1038 1029 1036 1039 1031 1021 1024 1025 1023 1022 1020 1015 1004 986 986 980 975 953 958 957 961 960 950 944 927 911 910 900 887 872 872 871 870 872 861 856 841 819 823 824 815 817 811 814 803 799 783 778 776 769 762 758 753 744 744 740 740 754 744 739 736 735 728 723 721 725 714 713 712 710 715 715 719 729 716 702
1066 1066 1063 1061 1061 1071 1057 1051 1053 1049 1047 1051 1049 1044 1037 1031 1032 1025 1028 1028 1018 1018 1017 1016 1014 1016 1010 993 988 983 982 977 962 965 959 961 958 939 932 920 909 901 898 888 877 871 868 868 866 855 844 835 832 822 821 816 817 812 808 793 792 785 781 778 774 767 753 749 746 744 744 744 742 744 736 735 732 728 725 719 715 717 712 712 712 717 719 718 720 721 709
1070 1065 1068 1062 1061 1059 1053 1051 1047 1043 1043 1043 1037 1037 1022 1026 1027 1024 1014 1014 1010 1009 1012 1010 1009 1002 1007 996 982 985 992 984 987 973 967 958 947 933 927 919 908 906 904 895 878 873 871 874 868 854 836 835 835 824 814 819 815 809 801 797 783 780 777 777 769 771 749 751 752 747 749 737 733 739 732 731 727 722 721 717 713 715 722 717 719 712 715 716 724 721 710
1065 1059 1059 1063 1056 1044 1048 1041 1036 1032 1035 1040 1035 1029 1021 1023 1015 1013 1012 1004 1006 1003 1003 1007 1003 992 998 1002 991 990 990 985 979 971 964 964 948 938 929 923 916 912 903 890 888 886 877 875 869 854 847 844 836 830 826 824 820 813 804 794 791 785 778 777 768 764 759 763 754 747 743 743 735 735 725 723 718 716 714 708 715 720 717 722 718 718 719 716 725 715 714
1064 1056 1053 1051 1051 1041 1046 1032 1026 1028 1033 1035 1034 1028 1019 1012 995 1003 1009 1006 1008 1003 997 997 997 995 995 999 1005 994 993 981 973 970 966 955 939 930 924 926 924 912 899 896 882 883 878 877 879 861 852 845 841 831 832 828 829 818 814 799 786 783 778 774 776 767 758 761 763 747 743 740 735 727 720 713 712 709 713 713 709 710 703 716 724 720 720 729 723 720 715
1051 1050 1049 1041 1037 1034 1034 1031 1026 1029 1027 1032 1027 1023 1018 1012 1001 1008 1008 1004 1002 999 995 993 994 999 1000 998 993 992 987 981 975 964 962 957 941 928 927 927 920 914 896 894 882 880 876 877 868 864 850 842 844 836 833 825 825 818 812 795 785 782 780 778 774 769 767 763 756 748 748 740 737 729 717 713 711 711 715 713 705 710 711 718 726 729 726 728 729 724 717
1041 1038 1043 1028 1027 1030 1033 1027 1024 1026 1031 1025 1021 1019 1011 1010 1004 1003 1013 1011 1004 995 995 991 994 996 1010 1000 987 991 981 971 971 967 955 945 944 932 921 915 911 905 897 895 886 886 885 877 864 859 853 848 845 839 830 834 834 822 811 800 786 787 778 771 772 770 770 762 753 755 755 747 743 736 718 719 726 717 708 710 702 711 720 725 725 728 727 725 727 729 722
1022 1025 1024 1018 1018 1029 1030 1031 1026 1024 1021 1025 1022 1018 1006 999 1003 1005 1006 1003 997 986 989 986 983 983 991 997 992 987 977 967 964 956 946 938 936 927 919 911 902 898 897 899 888 883 879 878 870 861 859 852 849 841 841 841 828 818 812 799 795 788 780 782 772 776 767 758 753 753 748 743 742 745 729 732 726 724 719 713 721 719 721 717 723 726 731 734 738 729 734
1008 1012 1006 1011 1016 1029 1035 1029 1024 1021 1017 1028 1026 1012 1003 1005 1002 999 1004 999 990 985 976 979 970 979 982 995 1000 989 977 968 950 947 932 933 931 927 916 908 896 895 891 896 887 887 873 876 855 865 862 863 858 852 846 842 833 830 823 806 794 788 781 776 760 765 759 758 745 748 744 744 733 731 732 734 740 730 729 727 728 728 727 721 725 731 739 740 739 741 743
1003 999 1008 1005 1013 1019 1033 1025 1021 1023 1018 1021 1018 1012 1012 1013 1004 998 995 993 988 981 975 975 973 972 979 991 987 983 971 965 946 941 938 934 932 928 919 909 905 897 898 895 895 893 882 884 872 876 870 861 858 858 850 848 843 838 826 812 801 794 792 771 768 763 763 756 747 749 747 743 738 737 737 736 735 741 735 730 737 742 733 724 736 735 738 738 745 746 743
1008 1002 1003 998 1008 1020 1030 1023 1013 1016 1020 1021 1021 1011 1014 1007 1003 998 988 991 988 980 978 972 968 968 963 974 979 974 963 955 939 935 933 934 926 926 922 918 920 907 905 903 899 896 891 888 886 881 876 869 863 859 845 848 852 845 834 817 803 798 795 779 773 772 770 758 743 751 744 746 745 735 735 734 732 734 746 734 738 737 736 742 747 737 741 743 753 746 749
998 1001 999 996 1012 1017 1017 1019 1016 1018 1016 1021 1015 1009 1007 1002 1000 1000 990 989 988 980 976 970 968 965 964 966 970 962 962 956 944 935 932 936 931 929 924 921 918 914 910 909 901 899 893 894 899 892 891 875 864 864 859 847 848 845 833 818 805 805 801 791 785 773 767 765 759 757 754 749 740 727 731 740 740 741 746 745 741 734 742 747 751 749 740 748 749 755 754
1007 999 1005 1004 1019 1012 1011 1016 1015 1012 1012 1011 1013 1009 1004 1001 1000 1001 997 989 982 974 969 962 956 955 965 969 968 963 952 955 949 940 937 937 939 929 925 917 923 914 906 906 906 903 900 905 915 901 898 886 870 870 862 860 853 843 837 821 800 805 799 793 794 774 762 762 763 759 754 745 739 741 742 747 756 751 750 745 741 742 741 754 758 755 747 752 756 754 753
993 996 999 1002 1006 1007 1017 1012 1015 1009 1012 1011 1006 998 997 995 992 994 993 980 977 966 961 956 953 952 955 960 962 964 956 954 951 936 939 941 933 923 918 914 914 912 909 915 908 907 907 911 914 906 896 890 874 870 861 857 849 838 833 822 811 805 801 800 792 773 768 764 760 754 753 752 746 741 747 746 754 756 746 752 744 747 751 762 759 764 762 759 762 757 755
975 985 986 995 1001 1011 1018 1014 1007 1010 1014 1004 1004 992 988 987 987 988 992 979 973 964 963 953 951 945 942 954 961 959 958 955 957 946 934 931 927 918 925 918 912 910 898 904 905 904 908 910 915 906 904 886 880 872 863 858 850 845 829 827 819 806 804 798 796 781 775 765 752 750 751 747 751 750 755 757 759 759 754 756 747 748 746 758 759 762 772 766 771 760 742
983 986 988 990 1000 1009 1012 1007 1007 1009 1009 995 991 987 978 978 979 977 980 977 978 967 959 958 951 948 948 951 959 957 956 949 945 941 935 923 925 918 916 915 916 913 907 906 899 897 907 908 908 900 896 889 888 874 865 854 859 845 840 827 819 806 799 793 792 783 779 763 754 755 748 740 747 752 751 759 750 753 753 761 762 754 752 753 755 766 767 768 768 762 758
979 985 995 996 1010 1006 1002 1005 1003 1003 998 993 977 982 979 973 969 975 975 975 978 971 968 961 948 953 948 957 963 957 952 945 938 935 923 920 917 916 913 911 922 911 904 898 894 900 902 903 900 906 899 893 891 875 865 866 872 854 840 829 820 809 793 795 798 786 777 766 756 757 746 747 739 749 754 753 747 756 765 769 774 765 760 755 748 763 766 763 761 762 765
983 986 989 990 996 998 998 999 993 989 991 979 972 970 974 968 964 962 964 973 975 972 969 960 962 955 947 953 959 951 948 940 933 921 923 920 914 914 911 911 905 908 905 897 898 910 909 908 905 903 898 886 886 876 871 865 864 856 844 828 824 812 799 793 797 783 779 769 764 763 758 758 753 757 761 761 759 759 767 772 771 770 764 772 764 765 777 764 769 772 775
974 978 985 986 986 989 990 991 986 983 981 977 971 969 974 962 954 958 958 964 962 964 967 966 959 956 944 950 958 947 945 938 934 924 918 911 914 913 915 907 898 899 901 898 900 909 922 912 915 910 903 890 881 879 875 869 861 857 854 833 825 817 814 806 806 791 780 781 768 767 764 762 759 763 771 766 760 773 777 774 775 771 761 773 772 771 780 777 775 785 787
974 980 981 982 986 989 985 978 984 979 978 973 965 964 971 956 954 956 959 961 961 963 966 960 962 959 951 946 942 937 938 938 921 921 919 915 916 913 910 911 909 908 899 900 907 907 913 916 914 910 902 902 887 879 874 867 871 862 853 834 825 821 819 815 803 793 784 781 775 776 767 767 769 763 769 774 771 780 780 777 781 782 776 782 779 781 781 787 790 794 787
