BTP Project Sonu Giri/Code/Semester-2 (using GRASS GIS)/Code/code version 1.0/DEM
north: 4928050
south: 4918050
east: 609000
west: 603000
rows: 200
cols: 120
[rows 0 to 39 of 200, columns 0 to 90 of 120]
1300 1273 1258 1241 1222 1218 1214 1196 1185 1188 1192 1187 1187 1186 1188 1197 1206 1193 1180 1171 1166 1158 1158 1144 1143 1137 1137 1129 1118 1115 1106 1099 1095 1095 1081 1084 1084 1080 1077 1083 1078 1070 1061 1053 1040 1040 1034 1029 1036 1024 1021 998 986 977 957 947 936 925 906 902 897 892 884 867 849 866 872 881 902 889 879 884 886 887 888 893 893 904 916 906 899 903 909 912 912 921 920 921 924 918 911
1274 1270 1258 1241 1225 1218 1210 1203 1193 1184 1184 1195 1190 1191 1191 1193 1199 1187 1183 1174 1172 1173 1154 1143 1139 1132 1126 1114 1117 1116 1108 1098 1099 1100 1087 1086 1080 1086 1074 1077 1070 1059 1059 1057 1048 1047 1044 1034 1030 1019 1017 1000 989 973 961 944 939 930 910 906 899 888 881 866 864 876 878 886 885 879 879 885 888 885 885 895 904 901 907 902 901 903 905 910 915 926 925 924 919 916 910
1263 1259 1251 1235 1226 1220 1209 1205 1194 1191 1185 1189 1186 1186 1193 1186 1183 1184 1178 1170 1166 1165 1155 1144 1134 1129 1127 1119 1123 1112 1109 1106 1095 1097 1091 1087 1080 1072 1064 1068 1064 1060 1050 1053 1052 1045 1053 1032 1022 1025 1029 1013 1001 974 958 952 940 929 915 906 893 893 890 878 865 873 871 880 883 882 878 886 890 888 895 896 895 907 913 902 901 900 901 907 914 913 917 916 914 918 915
1254 1249 1246 1240 1233 1220 1214 1210 1205 1200 1195 1194 1193 1193 1193 1189 1180 1180 1174 1168 1164 1163 1159 1151 1135 1123 1122 1123 1113 1104 1104 1103 1103 1094 1092 1094 1083 1076 1065 1056 1059 1057 1052 1057 1047 1044 1040 1026 1019 1023 1024 1016 999 980 965 953 940 923 919 910 899 896 886 877 873 881 883 879 880 880 889 892 896 893 894 887 894 900 902 897 896 897 899 899 904 908 911 911 911 914 909
1243 1247 1247 1242 1236 1230 1212 1213 1200 1200 1203 1197 1203 1200 1199 1187 1180 1177 1179 1174 1174 1162 1153 1148 1131 1129 1129 1124 1115 1108 1105 1105 1112 1101 1088 1086 1079 1078 1070 1059 1051 1049 1048 1055 1055 1049 1039 1028 1011 1017 1020 1014 1005 986 973 954 939 933 926 916 897 893 886 883 882 880 886 887 894 887 886 894 904 900 887 891 878 888 885 892 889 893 890 895 901 899 905 904 902 902 899
1244 1246 1249 1236 1237 1225 1221 1213 1204 1200 1199 1196 1198 1199 1196 1192 1190 1187 1181 1174 1171 1167 1160 1150 1139 1133 1123 1118 1113 1112 1108 1108 1106 1094 1093 1095 1084 1075 1068 1064 1056 1050 1055 1055 1056 1049 1042 1036 1025 1017 1016 1012 1002 987 968 961 950 938 932 912 902 894 893 883 887 885 885 883 889 888 888 898 903 904 891 888 882 882 883 890 888 890 889 894 891 897 899 909 899 900 896
1252 1251 1248 1238 1239 1227 1221 1216 1209 1208 1202 1198 1198 1198 1197 1191 1191 1190 1186 1183 1169 1172 1170 1153 1142 1134 1116 1119 1113 1107 1105 1104 1098 1097 1095 1093 1090 1079 1064 1061 1061 1057 1056 1053 1045 1046 1048 1035 1027 1017 1005 1005 997 982 972 964 955 943 927 924 905 894 888 886 881 883 884 887 884 888 893 904 905 903 895 887 885 889 892 886 877 883 886 888 891 887 888 897 891 894 897
1265 1259 1253 1249 1241 1233 1225 1213 1211 1207 1207 1203 1199 1200 1201 1197 1196 1196 1194 1186 1180 1176 1168 1155 1149 1143 1130 1123 1119 1118 1110 1107 1103 1104 1096 1089 1090 1083 1071 1063 1057 1058 1059 1055 1045 1040 1037 1032 1029 1022 1011 1003 985 979 970 961 959 948 930 922 907 896 892 880 882 885 887 893 892 893 896 900 906 911 897 879 884 886 886 881 876 874 883 877 882 883 888 889 897 896 890
1270 1264 1263 1248 1235 1232 1228 1219 1213 1211 1205 1205 1203 1211 1217 1209 1200 1198 1192 1187 1189 1181 1169 1158 1154 1149 1142 1135 1120 1118 1113 1106 1103 1101 1096 1099 1093 1089 1073 1073 1067 1066 1063 1055 1041 1042 1031 1028 1022 1015 1008 1000 979 979 975 969 968 952 931 929 917 907 909 892 878 887 891 892 906 898 905 907 904 900 896 884 874 882 892 887 881 878 873 873 865 879 885 896 904 892 883
1258 1258 1256 1253 1247 1242 1228 1222 1219 1218 1213 1222 1217 1221 1221 1215 1208 1198 1190 1191 1183 1184 1168 1162 1154 1151 1143 1141 1129 1122 1120 1113 1113 1102 1102 1100 1091 1085 1083 1081 1075 1068 1065 1059 1046 1050 1046 1041 1030 1020 1012 1005 994 981 973 968 959 950 933 925 915 915 909 894 890 887 891 898 897 896 894 896 896 891 892 881 876 881 884 886 879 877 876 878 871 880 884 885 894 894 886
1249 1254 1256 1248 1247 1234 1232 1231 1225 1222 1217 1222 1229 1223 1229 1217 1216 1198 1175 1178 1176 1174 1166 1161 1151 1152 1140 1139 1134 1126 1120 1118 1117 1111 1106 1103 1093 1092 1090 1083 1084 1075 1067 1059 1050 1050 1060 1047 1033 1024 1020 1010 1000 984 969 966 953 939 930 922 913 915 906 898 898 892 892 892 893 889 881 890 888 894 898 880 873 874 879 880 880 880 879 880 875 875 881 886 889 887 892
1255 1257 1249 1245 1233 1225 1229 1231 1229 1225 1223 1221 1222 1219 1214 1209 1206 1203 1185 1179 1174 1175 1164 1162 1154 1147 1144 1141 1134 1125 1130 1129 1119 1107 1106 1107 1103 1102 1094 1092 1084 1075 1070 1070 1058 1054 1052 1045 1037 1027 1023 1009 994 984 980 967 957 945 936 925 914 911 909 898 896 896 894 900 891 885 889 892 890 883 889 883 877 881 877 879 881 872 879 883 875 872 878 883 883 891 890
1259 1253 1248 1238 1219 1229 1236 1235 1242 1231 1224 1223 1225 1216 1204 1205 1188 1191 1189 1183 1172 1170 1159 1162 1158 1150 1128 1133 1131 1138 1137 1130 1122 1116 1111 1107 1104 1104 1096 1093 1079 1080 1069 1063 1046 1054 1048 1047 1033 1034 1029 1010 987 983 983 975 963 948 943 924 907 911 903 903 892 892 892 891 882 887 894 902 903 897 891 886 879 878 871 879 875 873 876 877 873 880 875 881 881 882 881
1251 1253 1253 1237 1229 1231 1235 1238 1237 1235 1226 1220 1219 1208 1206 1199 1191 1192 1188 1184 1174 1171 1168 1159 1153 1149 1140 1136 1136 1134 1139 1132 1127 1121 1110 1106 1104 1107 1097 1103 1089 1084 1081 1070 1068 1066 1067 1056 1043 1037 1029 1014 997 990 982 981 965 949 935 927 917 912 912 908 903 902 898 896 891 899 903 905 902 897 889 885 886 882 872 870 872 877 873 874 878 884 881 882 888 883 886
1254 1253 1262 1252 1235 1232 1232 1234 1236 1229 1224 1221 1217 1211 1196 1197 1198 1187 1184 1179 1175 1176 1173 1168 1163 1155 1145 1141 1139 1137 1144 1134 1126 1124 1121 1109 1109 1099 1100 1092 1093 1087 1097 1078 1069 1071 1071 1064 1063 1044 1035 1016 1003 998 984 979 961 956 950 930 920 915 908 908 910 903 906 899 903 905 920 908 909 896 882 885 886 881 877 876 876 879 871 875 884 892 895 892 892 891 886
1252 1252 1253 1255 1246 1241 1241 1239 1232 1227 1221 1215 1212 1206 1198 1194 1192 1190 1185 1184 1177 1174 1175 1176 1165 1162 1147 1140 1132 1133 1133 1139 1128 1125 1120 1113 1105 1092 1090 1092 1088 1090 1082 1083 1081 1073 1073 1071 1071 1054 1038 1029 1008 996 990 981 973 959 945 929 918 912 911 902 897 896 904 905 906 911 913 910 914 900 898 890 885 880 876 869 870 878 875 880 882 894 891 902 902 895 888
1252 1254 1253 1251 1246 1243 1244 1237 1236 1226 1219 1212 1207 1202 1203 1194 1190 1185 1182 1183 1187 1181 1181 1175 1181 1164 1145 1130 1122 1133 1128 1132 1133 1126 1109 1106 1105 1097 1095 1090 1083 1085 1072 1082 1083 1077 1071 1079 1090 1057 1034 1028 1011 1004 994 984 978 959 949 931 905 907 908 902 890 900 910 912 914 911 906 915 925 910 899 892 887 884 882 878 871 880 878 882 884 888 889 905 914 902 901
1248 1246 1247 1248 1244 1244 1241 1240 1236 1227 1216 1209 1208 1202 1197 1193 1193 1183 1181 1180 1173 1167 1170 1175 1168 1156 1147 1134 1127 1129 1132 1131 1126 1122 1113 1106 1100 1102 1096 1092 1095 1093 1083 1083 1072 1073 1073 1071 1070 1053 1036 1034 1014 1001 991 983 970 959 945 934 919 913 908 895 902 900 903 911 913 912 906 914 913 912 902 894 894 889 885 883 883 881 888 888 890 892 896 902 911 901 894
1244 1248 1245 1248 1244 1238 1235 1229 1228 1222 1220 1210 1216 1207 1200 1195 1193 1185 1167 1166 1156 1159 1161 1163 1157 1157 1159 1141 1130 1134 1142 1130 1131 1121 1107 1106 1103 1101 1100 1096 1096 1097 1097 1078 1069 1068 1069 1069 1052 1048 1042 1022 1001 997 993 976 969 962 943 934 929 917 902 913 908 904 901 908 912 912 909 906 906 906 902 899 893 890 877 886 889 889 880 894 895 901 901 904 913 902 890
1234 1238 1243 1240 1240 1233 1231 1223 1224 1228 1218 1207 1210 1206 1202 1195 1192 1185 1171 1165 1153 1156 1158 1160 1154 1153 1145 1142 1132 1130 1131 1122 1119 1112 1110 1112 1108 1104 1099 1098 1101 1094 1084 1072 1062 1060 1061 1056 1050 1044 1030 1018 1005 996 989 972 966 963 948 936 930 922 920 920 918 914 910 912 913 911 908 903 902 905 900 895 886 891 891 894 895 901 897 899 903 912 902 909 911 905 898
1229 1234 1234 1235 1227 1223 1225 1214 1208 1217 1206 1207 1208 1210 1207 1204 1207 1192 1177 1163 1148 1147 1153 1148 1151 1149 1146 1137 1124 1128 1121 1111 1107 1112 1111 1110 1106 1105 1095 1103 1095 1088 1081 1063 1042 1053 1054 1053 1038 1032 1015 1015 1016 998 983 974 961 956 945 934 926 929 924 922 930 920 923 915 908 911 902 906 900 898 902 897 888 895 903 908 911 907 901 901 908 912 906 910 908 908 911
1227 1233 1237 1235 1228 1219 1216 1213 1211 1219 1217 1215 1215 1212 1214 1210 1205 1190 1183 1161 1153 1150 1146 1145 1143 1152 1140 1136 1131 1121 1124 1114 1111 1116 1116 1110 1098 1103 1098 1096 1092 1087 1082 1067 1062 1051 1046 1049 1033 1024 1013 1005 1003 1000 984 978 964 947 942 936 938 929 929 928 924 925 929 924 914 916 907 909 904 904 901 909 901 908 907 918 918 908 909 913 907 914 904 901 909 909 906
1225 1228 1248 1234 1230 1218 1205 1211 1209 1215 1223 1220 1221 1220 1218 1211 1204 1188 1177 1166 1150 1145 1139 1146 1146 1145 1145 1133 1125 1127 1133 1120 1114 1111 1114 1109 1097 1098 1097 1090 1088 1094 1103 1078 1064 1054 1050 1030 1018 1012 998 1007 1000 997 979 975 953 954 935 939 941 934 924 927 928 929 933 927 922 917 913 908 908 905 908 904 914 919 919 924 925 917 911 918 919 915 916 916 921 912 918
1214 1225 1228 1223 1220 1209 1209 1208 1201 1202 1208 1213 1217 1218 1219 1212 1202 1198 1181 1168 1154 1149 1144 1148 1150 1154 1144 1133 1133 1133 1132 1128 1116 1113 1111 1112 1105 1104 1099 1099 1095 1093 1087 1078 1068 1052 1042 1027 1023 1013 1005 1013 1002 994 984 971 964 952 951 951 948 946 933 931 932 931 926 923 921 918 910 903 906 909 911 908 919 921 929 929 934 933 923 924 924 915 917 914 916 915 907
1211 1220 1220 1214 1218 1210 1213 1199 1186 1198 1206 1215 1220 1214 1218 1212 1203 1194 1187 1166 1144 1145 1151 1151 1149 1142 1137 1138 1132 1134 1136 1130 1116 1117 1112 1113 1110 1106 1111 1105 1103 1090 1089 1078 1072 1051 1037 1026 1017 1010 999 1002 1001 991 988 977 959 958 963 956 954 941 935 931 931 927 924 924 920 914 915 909 907 909 910 915 917 927 938 947 956 943 938 928 921 916 917 918 913 911 900
1215 1220 1219 1210 1212 1208 1208 1195 1189 1191 1199 1206 1211 1209 1203 1204 1195 1187 1177 1166 1153 1154 1152 1151 1151 1144 1136 1135 1137 1132 1137 1124 1123 1120 1123 1120 1116 1112 1111 1104 1099 1092 1081 1070 1061 1050 1036 1019 1015 1006 1004 997 994 985 987 975 965 958 954 955 950 939 936 933 931 926 922 922 917 917 911 910 909 915 912 917 922 926 940 942 948 947 939 932 922 919 919 915 916 913 911
1225 1219 1221 1214 1215 1209 1203 1192 1192 1185 1188 1202 1208 1200 1204 1194 1193 1186 1173 1165 1159 1157 1156 1154 1156 1147 1138 1144 1137 1138 1142 1135 1125 1123 1132 1127 1121 1120 1117 1105 1095 1088 1079 1065 1061 1048 1031 1019 1004 1007 1001 998 989 986 976 970 960 964 956 946 935 937 929 929 925 922 916 918 921 910 905 914 912 913 919 922 936 936 945 943 951 949 944 932 929 921 914 925 912 916 914
1226 1222 1219 1205 1200 1195 1198 1189 1184 1184 1184 1193 1197 1195 1194 1196 1189 1182 1170 1149 1152 1155 1159 1159 1153 1153 1147 1146 1143 1139 1143 1142 1138 1140 1137 1135 1131 1124 1116 1103 1093 1088 1079 1063 1059 1047 1028 1021 1006 1004 998 993 992 981 978 975 967 962 954 943 938 930 931 930 928 925 920 912 912 913 914 914 914 918 920 923 929 932 939 942 943 943 940 936 931 924 924 927 921 923 919
1234 1227 1218 1205 1191 1189 1189 1189 1173 1183 1180 1191 1189 1188 1191 1191 1192 1178 1172 1156 1143 1151 1158 1160 1161 1155 1144 1149 1151 1148 1148 1153 1160 1146 1142 1140 1145 1125 1109 1101 1095 1086 1088 1066 1055 1044 1027 1014 998 1000 1007 1000 997 988 983 978 981 967 953 940 934 934 929 929 932 927 925 909 898 906 911 912 914 920 933 929 935 942 945 946 946 945 947 938 936 932 931 925 926 917 918
1229 1226 1221 1210 1196 1194 1192 1186 1189 1183 1186 1183 1179 1183 1185 1189 1180 1172 1163 1161 1151 1161 1155 1156 1156 1156 1153 1149 1152 1154 1156 1158 1156 1151 1145 1140 1136 1120 1106 1098 1084 1078 1077 1059 1053 1042 1024 1015 1002 991 995 992 996 992 983 975 977 969 950 937 931 940 927 920 922 913 918 919 910 909 910 915 917 921 925 930 936 945 949 944 954 952 948 939 939 934 923 924 921 923 914
1229 1224 1220 1212 1194 1198 1198 1192 1191 1183 1180 1184 1179 1178 1179 1182 1173 1166 1152 1159 1151 1153 1153 1153 1157 1156 1147 1151 1149 1157 1162 1169 1168 1160 1147 1140 1131 1124 1108 1093 1086 1082 1073 1063 1051 1037 1015 1008 998 989 984 990 988 984 982 979 981 964 955 942 934 931 923 919 903 908 914 910 909 912 910 913 914 916 928 934 936 946 958 958 958 962 956 946 941 934 917 919 917 912 900
1226 1220 1214 1208 1200 1200 1193 1197 1186 1185 1183 1182 1182 1179 1184 1174 1169 1163 1159 1158 1147 1145 1146 1149 1147 1143 1148 1151 1157 1164 1172 1184 1181 1168 1155 1143 1136 1118 1103 1093 1089 1079 1071 1070 1055 1044 1028 1007 990 986 978 988 984 981 978 969 966 956 950 943 937 925 923 911 900 901 909 910 908 909 911 911 912 923 929 941 945 958 961 975 978 973 958 949 938 927 921 920 914 915 908
1236 1218 1207 1210 1203 1198 1191 1193 1189 1185 1179 1186 1182 1184 1179 1175 1175 1166 1156 1147 1140 1144 1138 1139 1144 1143 1144 1149 1156 1167 1172 1183 1199 1175 1159 1145 1141 1120 1099 1094 1088 1077 1075 1071 1064 1047 1033 1010 982 984 991 993 988 985 981 975 973 962 951 954 945 932 933 913 889 897 903 905 899 904 915 907 907 915 922 939 956 962 963 975 992 971 963 953 943 925 922 916 912 906 909
1222 1213 1212 1208 1202 1197 1190 1187 1185 1184 1185 1185 1184 1173 1176 1178 1174 1160 1154 1142 1142 1142 1138 1136 1143 1146 1144 1147 1157 1165 1170 1173 1174 1169 1161 1148 1139 1116 1106 1091 1086 1073 1074 1069 1060 1053 1032 1016 1002 992 996 999 997 988 987 983 975 967 960 952 940 944 926 919 905 905 905 902 904 903 909 905 909 919 924 931 945 958 961 980 976 964 956 944 934 919 915 903 899 899 894
1214 1209 1206 1203 1203 1195 1198 1185 1181 1180 1188 1182 1181 1173 1167 1171 1172 1162 1151 1141 1143 1147 1149 1142 1138 1140 1140 1149 1158 1167 1167 1170 1169 1156 1142 1146 1143 1119 1100 1094 1088 1078 1074 1067 1054 1045 1040 1022 1015 1008 1008 1007 1005 1002 994 985 977 971 964 949 943 935 920 915 911 908 907 904 902 903 912 914 906 917 927 934 937 948 959 963 963 959 952 947 935 924 917 902 896 892 888
1205 1206 1202 1192 1194 1189 1188 1182 1183 1180 1178 1177 1168 1167 1169 1166 1164 1154 1148 1133 1148 1139 1141 1147 1144 1142 1143 1153 1160 1164 1165 1161 1157 1154 1141 1139 1136 1116 1108 1099 1093 1081 1068 1066 1053 1042 1035 1026 1022 1017 1014 1014 1013 999 993 992 977 973 963 951 941 929 926 918 917 912 906 900 896 897 904 911 908 920 925 929 934 938 947 953 955 954 947 934 928 912 909 904 893 888 879
1203 1199 1197 1191 1190 1187 1179 1182 1187 1173 1169 1169 1161 1158 1161 1160 1161 1152 1147 1143 1144 1134 1138 1142 1141 1137 1147 1153 1157 1158 1154 1152 1149 1141 1130 1129 1120 1114 1108 1093 1094 1080 1069 1066 1054 1046 1041 1032 1026 1018 1017 1018 1023 1005 997 994 978 976 962 952 934 938 931 924 912 911 910 901 889 896 907 901 907 915 927 926 926 933 946 945 946 946 947 931 923 912 901 899 889 880 873
1190 1185 1188 1187 1187 1183 1175 1178 1174 1167 1164 1156 1157 1153 1148 1150 1149 1149 1143 1141 1134 1128 1135 1134 1134 1132 1139 1147 1147 1159 1152 1142 1150 1139 1131 1129 1117 1109 1102 1097 1086 1080 1075 1066 1059 1045 1041 1039 1032 1025 1020 1018 1014 1008 1009 997 989 978 970 956 946 944 932 931 919 918 910 899 898 895 898 901 902 909 918 917 923 922 932 938 937 938 929 928 918 919 904 892 887 876 871
1181 1182 1183 1182 1184 1171 1164 1169 1164 1162 1160 1154 1144 1145 1138 1138 1139 1142 1137 1125 1117 1124 1128 1130 1129 1127 1135 1141 1137 1145 1149 1147 1150 1136 1124 1124 1114 1109 1104 1096 1089 1082 1081 1068 1053 1054 1057 1041 1035 1029 1021 1016 1018 1018 1022 1015 991 993 984 967 957 947 951 938 931 923 916 912 903 899 900 899 901 905 907 914 917 918 922 926 929 922 924 917 913 910 913 895 882 876 864
1176 1172 1171 1168 1172 1168 1160 1153 1164 1151 1142 1141 1135 1135 1134 1133 1128 1132 1127 1116 1117 1117 1117 1119 1122 1124 1125 1135 1133 1138 1133 1138 1141 1131 1124 1113 1106 1100 1097 1086 1083 1079 1076 1074 1063 1055 1053 1054 1044 1037 1025 1017 1019 1018 1017 1003 1009 1004 989 971 962 955 954 947 943 930 919 922 909 908 899 888 890 895 898 908 913 912 918 921 925 925 920 911 911 903 898 893 878 871 867
