BTP Project Sonu Giri/Code/Semester-2 (using GRASS GIS)/Code/code version 2.0/Output_single_H_with_erosion/H_85/DEM.asc
north: 4928050
south: 4902450
east: 609000
west: 583400
rows: 512
cols: 512
null: -9999
[rows 84 to 125 of 512, columns 188 to 281 of 512]
487 489 492 494 503 496 498 498 502 498 494 491 493 487 490 491 497 488 489 487 482 481 479 475 474 474 473 471 472 468 467 466 465 467 470 472 471 470 467 467 465 467 462 463 462 459 458 458 457 461 462 470 473 474 477 477 476 476 477 477 477 481 484 491 496 494 496 495 499 497 498 494 494 495 493 493 494 495 498 492 488 490 487 483 483 484 484 489 494 500 503 504 509 507
484 488 491 495 494 493 494 495 497 492 492 491 489 487 485 485 486 489 484 483 478 479 474 473 470 468 469 466 462 461 462 463 465 464 463 465 468 465 466 463 464 460 460 460 458 456 456 457 458 463 465 473 475 477 478 476 480 479 480 480 479 482 484 488 491 493 496 496 496 496 493 493 492 493 494 492 496 496 497 494 489 489 486 484 487 490 487 491 496 500 506 507 507 506
489 491 490 492 491 491 492 494 493 490 488 485 489 487 483 482 479 481 482 477 469 470 470 467 468 462 464 458 456 457 456 458 465 460 457 459 461 460 463 462 461 458 458 456 455 454 455 458 458 463 465 473 476 477 478 479 481 482 480 479 477 479 482 483 489 489 493 492 491 494 495 493 495 490 491 492 497 497 500 496 498 492 490 489 489 488 488 491 499 501 507 510 511 511
490 493 492 490 491 488 491 491 491 489 485 488 485 483 483 482 480 477 477 472 467 465 467 461 462 458 455 456 451 453 452 453 459 457 456 456 458 457 458 456 457 456 454 454 451 453 456 458 462 463 467 474 476 476 480 482 482 481 481 480 478 480 480 486 487 490 492 493 494 495 493 495 494 493 492 492 492 496 495 493 496 495 492 494 492 490 490 493 499 503 508 513 513 512
492 493 495 492 491 491 492 491 490 485 481 483 480 480 478 479 479 476 473 466 463 465 463 460 458 455 447 448 445 447 443 452 459 456 456 454 457 456 455 456 457 451 448 448 445 451 461 458 461 465 470 474 474 475 478 482 484 483 483 478 473 476 481 483 483 489 490 489 491 493 493 496 498 494 492 491 493 495 493 493 490 495 496 496 497 492 486 493 500 503 508 509 511 514
490 493 494 493 493 493 492 490 487 484 482 483 481 480 478 479 476 477 471 467 465 464 462 458 454 451 450 449 445 446 445 449 451 452 448 448 452 453 456 456 456 451 451 443 449 450 455 461 462 467 470 471 475 475 476 479 483 479 481 480 477 479 484 487 487 487 490 487 493 496 496 497 497 492 492 492 493 494 497 498 498 498 500 498 498 498 496 492 500 502 505 509 510 513
489 489 497 493 493 493 490 489 485 484 483 480 484 481 477 476 473 470 468 466 466 463 461 458 454 450 445 446 446 446 447 448 449 447 443 448 450 453 458 456 452 452 449 449 451 450 455 460 463 465 470 470 471 475 474 478 483 483 480 478 478 486 489 489 490 491 493 491 494 497 503 496 495 497 498 493 492 496 501 500 500 499 504 500 501 502 502 499 496 500 501 505 508 509
487 490 496 498 495 494 492 485 481 482 483 481 479 480 477 476 475 466 468 464 461 458 458 458 457 452 448 445 445 443 444 446 448 449 446 445 447 450 454 456 455 455 452 451 451 452 455 461 463 470 471 472 472 477 477 477 481 481 481 482 485 489 490 493 497 495 495 496 497 498 497 500 499 498 498 493 496 498 498 498 499 501 503 503 500 504 506 504 498 496 498 502 504 506
490 489 489 496 502 494 492 488 481 480 482 481 480 476 479 477 475 469 465 461 456 458 458 455 456 452 446 444 444 440 441 446 451 449 448 444 441 444 449 453 458 454 450 449 449 448 450 457 464 467 472 474 475 477 477 478 478 480 479 483 486 487 488 498 507 498 500 499 506 499 501 501 501 497 494 493 493 495 495 499 501 502 503 503 500 503 508 504 501 501 502 499 498 504
488 490 493 496 498 497 494 491 486 482 483 481 480 475 474 472 471 468 466 461 457 455 455 454 453 450 446 445 442 442 440 444 447 444 446 445 441 441 447 448 452 447 448 448 446 450 453 460 465 469 472 470 473 476 476 476 482 483 486 487 486 490 493 496 499 498 500 502 503 503 504 503 501 499 497 496 494 495 494 497 499 500 501 502 502 503 506 504 503 503 503 500 499 501
486 492 495 499 501 499 499 492 490 488 487 484 483 476 473 472 468 466 465 460 457 456 454 453 453 449 448 444 442 438 435 443 443 444 443 440 440 440 446 447 450 448 445 448 446 450 451 457 463 468 469 469 472 475 473 479 483 484 488 486 486 488 491 497 499 495 496 501 501 502 504 503 500 497 495 494 492 494 496 495 497 501 496 503 504 505 503 506 506 504 501 503 501 502
487 492 496 499 503 502 498 491 491 492 485 480 480 473 473 469 468 465 460 457 456 456 454 452 450 447 447 444 439 437 439 442 445 443 442 436 440 442 442 443 443 445 446 448 451 451 454 458 465 465 466 468 471 476 476 479 482 486 487 487 484 487 492 492 499 496 496 499 500 502 501 503 500 497 494 489 490 490 495 497 498 499 501 508 508 507 504 508 504 499 501 499 501 502
493 493 495 501 508 500 498 495 494 487 485 480 476 475 473 468 464 462 457 456 450 453 452 449 448 448 450 441 431 437 439 442 451 445 442 439 433 438 441 439 436 441 446 448 450 453 457 462 471 469 470 469 472 477 483 481 483 486 485 488 488 488 489 492 495 493 496 495 498 500 499 503 503 499 496 490 486 491 496 496 496 500 507 507 516 505 504 500 505 500 501 503 501 502
492 492 494 501 503 502 494 491 493 488 486 481 478 472 472 467 463 463 458 456 452 450 449 445 446 449 448 443 441 440 441 444 447 446 442 438 440 440 438 439 441 439 446 447 450 455 455 463 468 465 470 469 472 477 479 484 481 482 484 489 488 488 490 491 491 490 494 494 495 498 497 500 500 496 494 490 490 490 494 495 497 499 504 504 503 500 498 494 499 502 504 507 504 502
488 492 493 496 498 498 492 491 491 489 486 480 478 474 468 466 464 461 457 454 448 449 446 448 448 450 445 445 445 442 440 442 443 445 443 442 446 443 438 441 444 443 442 445 449 452 454 460 467 469 472 472 468 474 477 477 478 482 484 486 487 486 490 488 484 488 490 492 493 494 493 497 498 499 494 492 491 492 494 495 498 500 501 500 501 496 489 493 499 502 507 507 507 505
484 488 492 494 497 493 492 492 492 487 484 482 482 477 470 469 462 461 458 454 451 448 449 450 451 450 448 445 444 442 439 438 440 442 443 443 443 442 441 441 444 443 443 446 447 449 453 455 459 462 466 470 471 472 477 477 478 480 482 482 484 485 485 487 488 487 490 490 496 494 495 496 498 493 493 492 493 494 497 497 499 499 502 497 495 491 490 488 496 501 505 510 508 509
486 487 490 494 494 494 491 490 489 487 485 482 481 475 468 468 464 463 460 456 452 451 453 452 451 451 446 445 442 442 442 440 443 442 444 441 443 440 439 442 446 443 445 443 445 449 447 451 455 459 462 467 472 475 477 479 482 479 480 482 488 483 476 483 489 487 492 492 496 497 499 497 492 494 493 492 489 494 497 498 500 500 503 497 493 492 490 491 493 497 501 508 507 506
486 485 488 493 491 490 488 486 485 485 482 480 478 473 471 469 467 462 462 460 456 452 454 450 452 454 448 445 440 439 438 441 442 444 444 443 441 439 438 438 440 443 444 442 442 447 450 455 454 460 462 469 471 474 476 482 483 479 475 476 479 478 479 479 483 487 487 491 493 497 495 495 494 494 493 495 495 494 497 500 498 498 500 499 497 492 491 493 496 498 503 501 502 502
484 487 485 485 484 484 483 481 480 481 481 481 476 475 474 471 468 466 463 460 456 455 455 451 451 450 447 445 443 440 430 439 443 443 444 445 447 441 436 440 444 441 441 441 443 445 446 454 458 459 465 469 471 477 479 482 483 481 475 475 477 477 478 479 482 484 485 489 491 492 490 493 497 494 493 496 500 496 497 500 498 500 500 496 497 492 494 496 500 502 502 496 494 494
487 487 489 487 485 484 482 479 478 478 479 480 477 476 473 467 465 464 462 460 458 457 453 452 451 451 449 448 445 444 440 442 444 442 441 440 443 441 438 435 439 439 440 436 439 443 449 456 463 466 466 467 472 477 478 480 481 479 478 474 475 476 477 474 477 480 484 486 488 491 491 491 494 492 494 495 499 499 499 500 500 500 497 493 491 487 493 496 498 499 496 492 491 491
490 489 491 487 485 483 479 478 481 479 479 477 477 473 470 468 464 464 460 461 462 458 456 455 452 449 448 448 446 446 443 443 443 443 440 440 439 438 440 437 437 439 438 436 434 441 446 456 468 466 466 468 474 476 480 480 481 478 478 474 474 473 476 476 475 477 481 486 484 488 491 493 494 492 492 496 503 499 500 498 502 499 494 490 488 490 495 495 497 495 489 486 476 488
486 487 489 487 483 482 480 478 479 477 477 473 474 470 466 466 467 467 460 460 460 456 453 450 449 449 447 447 448 448 444 443 444 443 443 441 439 439 439 436 439 444 441 438 440 444 449 456 462 466 469 470 475 478 480 481 481 479 477 475 474 474 476 475 476 480 482 485 485 486 489 491 493 494 491 492 496 498 498 498 499 498 498 494 490 488 494 492 490 491 487 483 483 492
483 487 488 485 483 480 477 476 479 477 472 470 470 467 463 463 467 463 461 460 459 454 453 449 448 449 448 448 446 447 443 442 446 444 445 443 440 437 439 438 441 441 441 440 443 446 448 454 461 464 469 473 476 476 478 479 479 478 474 478 477 478 477 475 474 476 479 483 484 482 484 487 493 489 488 490 493 494 496 500 499 504 504 497 492 491 493 488 485 486 484 487 488 495
483 482 483 483 483 484 479 476 473 475 472 468 466 466 461 461 463 464 460 459 458 453 450 448 448 449 447 447 446 446 445 442 440 442 443 443 438 434 439 440 440 441 444 443 448 448 450 456 458 458 466 471 476 476 478 478 480 481 481 482 481 481 477 473 471 477 478 482 482 486 483 482 486 487 488 487 492 495 497 498 501 504 504 496 496 494 489 486 483 484 486 490 493 500
479 480 483 484 488 484 479 474 471 471 473 470 463 463 463 463 462 460 462 460 460 455 452 449 447 445 445 448 451 448 446 442 437 437 438 440 438 435 436 439 442 444 446 447 451 451 453 456 458 461 465 468 472 474 476 479 481 482 483 482 485 479 480 474 467 475 480 478 480 482 485 484 485 485 490 489 489 494 495 500 503 506 505 501 499 496 492 485 481 486 492 495 497 500
479 480 482 483 485 484 481 476 473 470 470 472 469 470 465 460 460 461 459 459 456 455 452 448 445 444 444 448 452 449 445 442 440 436 439 436 435 435 435 436 439 446 450 456 454 454 454 456 460 465 467 471 474 475 477 480 479 482 484 481 484 479 478 475 469 477 478 480 480 483 487 489 489 488 491 489 490 496 496 499 500 503 503 501 496 493 490 484 488 487 494 498 499 502
481 479 479 480 481 482 484 477 473 473 472 472 475 470 470 464 458 458 459 458 458 453 447 447 445 447 448 448 456 450 445 444 442 439 435 433 432 432 431 436 439 447 455 453 460 454 452 454 456 462 464 471 474 474 475 475 474 482 488 486 485 482 476 476 473 474 477 479 478 484 491 487 489 487 489 490 491 494 497 499 500 500 503 499 497 489 481 488 493 493 498 499 498 501
482 481 479 479 478 477 479 477 478 473 474 473 471 472 466 459 456 460 459 457 455 452 450 448 447 449 446 446 452 448 447 447 444 442 438 432 428 430 432 435 439 444 450 452 457 456 456 458 456 458 464 470 470 477 474 470 473 477 483 485 485 482 480 477 473 474 476 478 478 480 485 489 488 487 489 492 490 493 495 497 500 496 493 492 488 485 488 485 491 497 495 498 498 502
484 478 473 475 473 477 480 478 478 476 473 474 470 467 461 457 448 457 457 458 451 453 451 451 451 449 444 447 448 447 448 447 445 444 440 431 422 426 428 433 438 441 447 453 460 458 457 456 456 457 459 466 468 472 472 469 467 476 483 486 494 485 481 475 470 472 476 474 476 479 484 485 485 488 488 489 487 488 490 494 496 493 489 486 476 484 488 485 491 495 498 499 497 504
481 477 476 476 473 475 476 477 478 478 478 476 471 466 461 455 455 453 452 452 455 456 454 453 455 451 449 445 450 450 450 448 448 445 440 435 427 429 428 431 435 438 446 449 454 457 457 457 455 458 463 465 466 471 472 472 472 475 479 483 482 480 477 471 473 472 477 477 479 476 482 482 484 486 485 484 482 485 486 488 490 489 486 483 486 489 490 485 491 493 498 500 502 504
480 474 472 473 471 473 473 477 480 479 481 477 472 469 464 459 453 453 447 453 456 454 457 454 456 453 449 450 453 451 452 452 449 448 448 435 433 428 424 429 433 437 443 448 452 452 455 453 453 456 461 462 462 470 470 470 474 475 479 479 477 474 474 471 473 475 483 478 477 477 480 480 484 483 481 480 479 482 485 485 485 483 482 486 485 485 487 487 492 491 497 501 504 506
476 473 473 472 472 471 473 474 475 478 477 474 471 469 464 459 455 452 451 450 451 452 454 454 454 457 454 452 453 455 455 452 451 449 444 436 432 429 430 432 433 437 442 446 449 448 450 452 450 455 459 463 466 468 469 467 472 474 475 474 475 474 469 468 471 474 478 475 476 474 478 478 481 481 479 478 474 477 480 482 483 481 483 486 489 488 490 487 486 489 496 499 505 508
475 476 472 472 472 474 477 477 478 476 473 474 470 469 465 464 459 458 456 454 450 451 453 453 454 456 454 455 454 457 454 453 447 449 443 440 436 434 438 435 432 439 446 448 445 449 452 450 449 453 453 460 468 466 467 467 471 473 473 472 473 465 459 464 470 471 476 474 473 474 479 478 479 480 477 477 475 477 475 484 487 483 485 491 490 492 496 487 480 486 491 498 505 510
479 478 476 474 475 478 479 477 477 476 477 474 471 469 467 470 467 468 464 462 454 451 454 455 459 454 458 459 457 462 460 454 452 446 443 443 439 436 437 433 438 442 444 447 447 447 448 450 450 453 453 456 462 462 466 466 466 471 470 467 467 464 461 465 465 472 474 471 472 473 475 474 474 476 478 477 475 477 482 485 488 491 493 497 497 495 493 489 487 491 494 495 502 505
480 479 477 478 480 479 482 481 476 477 477 476 475 471 470 472 473 471 471 466 458 457 458 456 459 456 458 462 460 463 464 458 456 451 443 444 442 441 445 439 442 442 441 448 449 451 446 449 449 450 452 454 459 459 461 464 463 465 469 469 469 464 463 456 460 468 472 466 468 468 475 473 471 471 473 470 478 481 485 491 491 495 498 500 497 499 498 495 492 491 489 491 497 502
483 483 485 482 483 481 483 480 481 480 480 478 478 476 474 474 473 473 473 470 466 461 457 458 456 455 459 464 468 467 466 463 458 454 448 444 442 440 445 444 444 442 446 452 452 451 453 452 452 454 451 454 455 459 459 463 461 465 466 469 467 464 463 457 460 468 465 461 461 461 467 466 468 469 470 471 477 478 485 492 495 498 498 500 506 502 502 501 496 494 492 494 497 502
488 486 491 488 485 483 477 480 482 482 480 482 483 482 476 474 473 473 473 472 476 465 461 454 454 456 460 467 472 469 468 463 459 458 450 446 446 444 446 446 445 447 449 456 467 455 453 454 457 453 449 450 448 454 457 459 461 463 468 469 467 466 465 461 460 460 458 456 453 459 467 464 467 467 471 473 473 479 478 488 501 498 498 502 512 504 501 501 497 496 496 495 495 501
487 489 487 489 486 486 482 483 483 480 484 483 482 481 479 475 473 471 470 469 467 461 459 451 453 458 462 467 469 466 466 465 463 456 452 450 447 445 445 447 447 450 452 455 458 454 451 453 449 449 447 448 449 450 456 459 459 462 463 464 464 465 465 463 461 460 456 455 455 457 462 460 465 467 468 469 471 476 480 485 492 492 493 497 501 499 498 502 499 499 498 500 498 498
485 486 485 486 484 485 483 483 484 484 486 485 483 480 479 474 474 470 468 468 468 460 458 452 451 456 458 465 468 467 469 465 461 459 455 451 449 447 443 449 449 451 451 454 455 453 453 449 449 446 445 447 447 450 457 458 457 460 465 463 461 464 462 460 457 455 461 458 455 459 464 463 468 465 467 468 473 472 471 479 487 488 490 492 491 492 492 496 496 497 495 501 501 500
484 483 483 481 481 481 480 481 484 485 485 484 482 480 478 475 471 470 467 465 460 457 453 450 452 456 459 462 465 463 466 463 460 456 454 457 451 451 449 449 448 454 451 452 453 448 446 447 445 445 446 445 449 450 453 455 456 458 461 460 462 461 459 459 456 458 457 457 461 465 466 464 462 464 467 471 476 474 478 477 482 485 483 484 486 490 492 495 496 498 495 498 501 502
484 483 481 480 476 480 483 482 480 482 485 480 478 474 473 473 472 467 465 462 456 454 448 449 450 455 461 462 465 464 461 466 467 460 457 456 453 453 454 451 448 451 452 450 450 448 443 442 436 441 444 444 449 448 453 455 453 454 460 463 464 460 457 456 455 457 458 456 465 463 465 463 463 465 466 472 479 480 484 480 478 477 472 476 480 483 489 492 494 493 494 498 500 505
484 480 480 479 478 475 477 479 480 482 480 475 476 477 473 472 469 465 461 459 460 456 451 452 452 455 460 461 462 465 464 464 466 463 462 459 456 454 454 453 453 452 454 451 449 444 444 444 440 441 441 440 446 447 449 453 454 456 458 458 457 456 453 453 453 453 453 454 455 455 459 459 466 469 473 476 480 482 486 483 481 478 474 475 476 477 481 489 494 492 494 499 503 506
