BTP Project Sonu Giri/Code/Semester-2 (using GRASS GIS)/Code/code version 2.0/Output_single_H_with_erosion/H_85/DEM.asc
north: 4928050
south: 4902450
east: 609000
west: 583400
rows: 512
cols: 512
null: -9999
[rows 336 to 377 of 512, columns 0 to 93 of 512]
267 274 280 285 288 288 296 298 301 301 300 302 304 302 297 296 292 297 297 296 296 301 306 307 313 311 307 306 306 312 319 319 323 318 316 317 323 326 325 325 323 326 330 341 347 348 356 353 354 353 351 350 353 348 352 353 357 353 352 348 345 342 340 339 337 342 346 344 343 348 351 355 356 359 356 355 355 358 356 359 358 360 359 358 358 362 362 367 375 369 365 367 367 367
272 270 276 283 286 288 294 296 299 300 300 300 303 300 301 298 296 297 298 297 299 302 305 304 308 310 303 306 308 310 313 315 316 315 316 317 318 326 323 323 323 327 330 338 343 348 351 351 351 351 349 346 346 345 350 349 353 354 350 348 346 342 340 340 343 344 345 346 346 346 353 359 359 361 358 359 357 360 357 357 359 362 360 362 363 365 366 369 370 367 364 366 369 369
274 273 279 280 283 289 297 298 296 301 300 303 303 301 305 300 296 298 298 298 297 301 305 302 301 303 302 305 307 311 313 317 322 319 316 317 320 321 327 323 322 327 334 336 340 344 351 350 345 346 345 345 346 345 347 349 351 350 351 348 345 346 346 343 346 345 348 345 348 350 354 355 356 357 363 359 356 359 359 359 362 362 362 366 371 371 370 372 371 366 362 365 372 372
270 270 274 275 280 288 294 295 298 298 300 303 302 303 304 303 300 302 301 302 298 301 302 300 299 305 303 304 308 310 312 318 322 320 319 321 320 320 323 322 321 323 328 331 332 338 344 350 346 346 345 342 341 341 343 346 346 342 347 347 353 350 349 349 346 345 347 349 349 352 353 355 356 355 360 359 356 356 355 358 363 365 366 371 374 376 373 371 369 367 364 365 367 371
268 269 271 274 275 285 291 293 298 298 299 303 306 305 307 299 298 299 304 304 301 302 301 299 297 307 308 305 308 315 317 323 325 326 322 325 327 324 323 321 317 320 323 322 320 331 337 343 349 344 345 341 337 339 340 341 338 344 348 350 359 351 350 344 344 343 347 348 349 350 354 354 356 355 358 357 360 356 352 357 363 366 368 375 382 376 378 369 371 366 367 363 364 365
275 272 272 273 279 285 289 292 297 299 300 302 301 299 298 299 296 296 297 303 298 299 296 298 302 306 308 308 312 318 321 322 329 331 324 325 326 330 326 323 323 326 322 326 323 330 335 338 343 344 344 343 341 342 340 338 340 344 343 345 351 348 348 345 344 342 346 351 347 348 351 351 353 354 356 355 354 355 350 356 359 362 365 370 373 373 368 364 364 359 361 359 363 363
282 275 272 276 278 285 293 295 298 303 301 299 296 297 292 292 293 293 294 297 296 295 294 299 300 306 307 311 314 322 327 329 329 330 327 328 329 331 329 327 327 327 325 327 322 328 332 336 337 339 341 342 344 339 343 342 341 344 342 341 343 345 343 342 344 342 344 344 341 346 349 348 346 351 357 354 350 350 346 351 354 361 364 363 364 365 366 359 361 358 352 360 363 363
284 277 278 281 283 289 293 295 300 300 298 298 293 295 289 287 290 291 291 296 294 300 297 301 302 310 313 316 321 326 328 333 335 332 330 329 332 333 332 330 330 329 328 325 322 326 328 331 330 332 337 337 341 338 340 343 344 343 337 338 341 342 340 337 341 343 340 339 343 347 346 343 344 344 352 350 353 348 351 352 356 360 359 361 360 361 360 355 360 356 354 359 362 362
291 283 285 279 282 288 294 297 302 297 301 295 290 289 286 288 287 291 294 292 293 299 294 301 303 309 315 321 328 328 328 334 338 337 332 332 330 333 337 332 332 332 330 326 325 321 322 325 325 329 332 335 343 338 337 343 340 336 331 333 332 335 337 336 337 338 336 342 347 344 343 343 341 344 346 349 356 356 356 353 354 355 351 358 358 358 356 359 356 353 351 356 360 362
286 283 280 280 285 288 293 297 296 295 295 291 292 288 287 288 289 289 295 299 299 302 303 302 307 312 319 325 330 330 333 336 338 339 339 340 338 338 335 333 334 335 330 327 325 323 326 322 323 326 331 333 335 338 338 336 336 333 329 330 332 334 335 334 335 333 339 340 343 346 347 344 347 345 348 353 356 354 352 357 358 357 354 355 354 356 359 362 358 354 353 356 356 362
284 282 277 279 283 289 295 294 294 290 292 289 287 291 288 291 293 294 298 302 307 306 310 311 310 318 323 327 330 331 336 338 336 343 342 341 341 341 341 337 339 336 333 331 326 325 323 324 322 323 325 327 332 333 333 332 332 329 324 327 330 330 330 329 330 335 337 340 340 346 349 347 348 349 347 349 352 351 348 354 354 358 352 354 353 358 365 361 356 355 355 354 354 356
282 280 279 280 284 290 293 291 290 286 289 289 286 287 293 294 296 297 302 307 305 310 314 313 317 323 325 329 335 335 338 338 344 348 345 341 342 340 343 342 340 339 334 331 329 326 324 326 324 322 322 322 327 329 331 329 325 325 324 323 324 322 326 328 328 332 337 339 344 346 350 349 350 350 352 352 350 352 353 359 360 355 355 355 355 360 364 364 360 359 357 356 356 356
278 283 284 282 280 285 290 287 286 285 284 285 285 291 298 300 299 298 303 308 308 310 317 317 324 325 331 332 335 338 344 344 348 349 348 347 346 345 345 345 343 338 332 331 331 328 324 326 322 322 322 321 320 325 328 325 322 323 321 320 318 323 319 325 323 330 333 338 346 346 351 350 354 353 354 352 351 356 359 363 364 363 362 359 357 362 368 366 363 362 359 358 354 356
283 287 287 282 280 286 286 285 289 291 286 285 287 291 293 298 296 298 302 304 310 310 314 317 321 328 330 335 336 342 345 348 349 351 349 349 348 343 347 342 344 338 334 334 333 333 329 328 322 325 325 322 323 328 324 322 323 324 322 319 319 318 322 323 322 324 330 332 339 340 346 352 354 357 358 357 359 363 365 367 368 366 366 362 364 365 366 367 366 362 359 357 358 356
282 287 291 287 286 282 280 284 291 291 291 288 285 292 292 292 293 296 300 306 311 310 311 317 323 328 333 333 336 342 352 351 351 354 354 351 350 350 350 348 348 342 336 334 330 331 333 328 321 326 327 325 326 325 322 324 322 322 322 320 318 318 319 319 317 322 331 334 339 344 345 352 353 357 368 365 362 368 372 374 375 372 371 371 371 369 369 368 369 366 359 365 364 359
279 286 290 289 286 284 286 287 293 296 294 290 290 294 291 291 293 296 299 304 307 308 314 320 325 329 330 331 336 342 349 352 360 360 354 351 354 352 350 350 351 346 339 336 334 337 334 329 327 322 326 328 328 328 323 321 322 323 322 324 322 319 317 314 313 319 328 335 342 349 349 354 353 355 362 364 367 369 374 378 376 374 374 378 375 372 373 368 367 369 368 372 369 364
277 283 291 291 286 288 295 293 296 298 297 293 294 293 291 292 286 292 298 299 302 310 318 321 328 329 332 332 331 341 344 354 366 360 358 355 355 353 350 354 355 346 339 340 337 337 336 330 328 327 330 329 329 328 326 324 322 322 321 324 320 319 314 312 302 316 327 336 342 348 353 355 357 358 361 365 370 373 376 376 381 378 374 378 382 377 376 371 367 372 375 376 374 367
283 286 291 291 292 290 293 296 297 301 300 296 295 293 291 292 292 295 299 301 308 311 319 322 327 327 336 335 337 341 348 357 360 357 356 354 356 357 353 352 352 346 343 340 339 336 334 332 333 331 335 338 334 329 329 327 325 325 323 325 325 322 320 312 313 318 327 336 340 346 350 354 353 357 361 367 367 371 375 376 375 379 378 380 382 379 378 377 373 377 375 371 369 365
282 287 295 294 295 294 297 299 302 301 305 298 298 294 290 293 299 297 302 304 307 313 319 323 327 332 338 338 337 344 348 354 356 354 350 354 355 356 353 351 348 346 346 341 339 335 332 333 337 335 343 341 338 336 330 331 329 328 325 329 329 328 328 321 322 323 328 338 344 346 349 351 352 359 365 366 368 368 374 375 376 377 377 378 380 380 381 378 376 376 377 374 369 368
286 290 292 296 296 296 300 301 302 300 301 300 298 297 296 297 301 301 302 305 310 316 320 326 328 334 335 338 342 345 350 352 353 354 353 354 357 357 354 349 346 344 341 335 334 333 334 335 338 339 339 337 339 336 336 335 332 333 330 337 333 332 331 329 329 335 337 340 348 351 354 353 356 360 361 366 365 368 372 373 378 377 378 376 379 381 381 380 380 377 376 374 371 368
289 292 293 295 295 298 302 298 302 299 300 300 304 300 297 300 305 300 304 310 313 319 319 324 328 333 333 339 344 347 351 350 351 353 354 357 361 357 356 350 344 342 338 336 333 336 336 337 337 339 340 338 340 338 338 337 334 335 332 337 337 336 335 334 335 340 344 348 353 355 359 358 361 364 363 362 358 363 370 373 376 377 378 378 376 378 381 381 381 381 375 375 371 369
288 291 294 295 297 300 299 300 298 296 299 299 299 301 299 300 303 301 307 311 316 318 322 324 329 333 337 341 344 347 351 349 351 349 353 356 359 355 350 347 345 340 340 341 338 338 337 336 338 337 340 341 342 341 338 341 339 337 336 338 339 340 343 338 342 350 351 353 355 359 361 361 364 367 368 365 363 366 370 371 372 375 377 377 375 377 380 382 381 379 377 374 368 366
290 293 299 294 296 297 296 298 298 297 295 298 298 298 299 297 299 301 307 313 317 322 326 329 332 335 337 341 346 347 350 348 347 349 349 352 355 353 351 347 344 343 343 340 342 341 340 340 335 338 338 341 347 342 333 338 337 337 341 339 342 346 348 347 347 353 360 357 357 364 368 366 368 370 375 372 372 367 367 368 371 370 371 374 373 377 381 382 383 381 376 373 364 366
293 296 296 295 297 295 299 296 296 297 296 298 298 297 297 293 294 298 308 313 319 326 331 330 336 337 338 341 342 343 347 345 347 345 348 350 352 349 349 348 342 344 343 344 342 344 342 341 337 338 339 342 345 344 338 335 335 337 342 345 348 349 349 353 354 356 358 359 361 364 369 373 377 378 374 374 374 367 367 371 371 369 374 374 372 375 380 383 386 384 376 373 367 367
298 296 295 295 295 297 299 297 295 299 298 300 301 298 295 291 286 299 306 314 325 326 330 334 336 337 341 341 341 343 343 344 346 344 347 348 345 347 347 346 345 344 341 343 343 342 340 340 338 337 342 345 348 342 335 336 330 336 340 345 349 349 349 355 359 357 361 360 363 366 370 376 386 378 376 374 373 366 364 365 372 371 374 375 368 377 385 386 393 383 378 372 364 362
296 296 294 293 293 297 298 301 299 300 300 302 302 298 296 293 297 301 310 314 322 328 331 333 334 337 339 340 340 342 345 344 345 347 344 347 345 344 347 347 346 343 345 342 343 345 341 342 338 339 341 342 344 345 341 338 339 338 342 345 347 350 350 353 356 359 362 366 364 363 369 376 380 378 378 377 373 366 365 367 371 372 376 379 376 378 386 383 384 379 376 370 365 363
296 293 291 295 293 295 298 298 300 302 300 303 301 302 302 301 299 306 312 316 325 328 328 331 332 337 337 338 338 342 346 347 344 345 345 347 344 345 345 347 343 345 346 345 345 344 342 342 342 343 340 342 342 343 348 344 341 342 344 347 347 349 349 352 353 357 364 364 366 364 366 373 378 379 378 378 375 371 369 367 368 375 382 382 381 385 387 384 384 379 375 370 365 363
291 294 290 293 293 292 295 295 297 302 302 303 303 303 305 309 309 310 314 316 323 330 331 335 337 338 338 341 340 343 349 347 346 350 348 348 348 345 346 346 349 346 347 349 347 346 346 348 346 342 342 342 342 341 346 346 344 344 346 347 346 349 349 349 351 357 359 365 362 366 371 375 379 381 379 377 374 374 370 372 375 379 382 385 386 388 387 384 383 380 374 370 367 365
289 289 288 292 294 292 290 291 293 298 299 302 302 304 311 311 314 313 313 315 321 327 333 334 336 336 341 340 339 344 349 351 350 349 354 349 349 349 347 349 346 346 342 346 347 346 348 348 351 347 340 342 344 345 347 346 345 347 350 352 353 352 348 349 350 356 359 364 358 367 379 375 378 380 384 380 378 372 371 371 377 377 381 384 392 387 387 385 386 380 379 371 368 365
283 285 286 290 290 294 291 294 292 298 301 301 303 306 308 310 315 316 314 315 321 329 331 330 334 335 338 340 342 347 350 352 352 350 350 350 352 353 351 350 349 350 348 350 347 346 346 346 348 347 347 344 344 346 347 349 351 353 352 352 351 354 351 353 354 356 359 361 364 367 373 373 378 381 380 384 380 379 376 373 374 376 380 384 385 387 387 385 382 379 375 371 369 366
278 282 282 285 285 287 289 292 293 301 305 302 300 305 306 309 309 312 313 316 318 325 329 331 335 336 337 342 347 347 353 353 353 352 350 351 350 352 351 350 348 348 344 348 349 346 342 344 346 348 350 348 354 352 350 353 355 357 357 354 350 353 356 355 355 360 367 367 368 372 373 375 375 379 376 379 380 380 377 374 375 377 384 383 387 388 389 386 389 382 381 376 373 372
281 277 280 283 284 284 288 292 297 300 301 303 303 304 305 304 307 309 314 315 322 326 328 334 333 334 338 341 348 349 353 357 359 356 352 349 349 347 349 351 351 352 350 348 348 347 346 346 348 350 351 350 354 354 354 355 357 357 359 358 358 357 355 358 360 363 368 374 371 374 374 376 377 379 381 381 385 382 382 380 382 384 380 380 382 385 386 387 381 379 382 377 374 373
285 281 278 281 280 286 288 294 300 299 295 301 301 303 304 303 302 307 312 317 322 325 328 332 335 337 338 341 346 348 355 356 365 357 352 349 347 345 347 350 351 350 351 348 347 350 350 352 352 352 352 352 354 356 357 357 363 363 364 363 366 360 357 359 358 365 369 375 380 378 378 378 376 381 384 386 385 389 389 386 385 383 378 379 382 385 385 385 377 381 385 380 376 372
286 285 280 282 285 288 291 296 297 299 298 299 300 303 301 302 304 310 313 318 322 325 328 330 333 338 337 337 341 345 348 355 356 353 349 348 346 347 348 347 348 349 349 350 352 354 353 354 354 355 354 354 355 354 353 358 361 366 364 363 364 364 364 362 364 370 376 377 379 380 385 384 382 383 384 389 393 390 390 386 387 385 382 379 382 384 384 384 384 381 382 383 379 374
288 284 279 287 289 292 295 295 294 297 299 299 298 302 302 304 308 311 315 321 326 328 330 334 334 335 337 334 339 339 341 346 347 348 345 347 347 348 349 347 345 347 347 351 352 356 355 355 353 356 359 357 359 356 355 358 363 362 361 364 364 365 363 366 365 371 376 378 379 385 390 387 385 385 385 392 394 396 391 386 386 384 380 383 387 387 392 388 384 385 385 385 386 380
290 292 290 292 294 299 299 301 297 298 298 301 299 306 305 307 309 311 316 327 328 326 330 336 335 333 333 331 332 335 340 342 344 345 341 342 343 345 344 345 347 346 346 347 351 352 353 353 357 357 359 357 357 357 359 361 364 363 364 365 362 366 367 371 372 377 381 386 386 386 389 391 391 387 392 394 398 395 388 385 379 382 388 388 390 393 391 388 386 387 385 388 383 380
294 296 295 298 300 300 300 300 300 299 301 302 301 306 311 311 313 314 315 324 334 331 329 332 335 334 331 329 326 331 333 340 344 343 340 343 342 342 340 343 345 350 347 346 349 351 352 353 359 357 360 357 358 359 364 363 363 364 366 363 359 368 368 372 376 380 387 390 399 393 389 395 393 396 399 400 401 396 386 379 379 385 392 392 397 395 395 391 391 387 385 389 389 385
294 296 294 299 298 299 301 300 304 303 303 303 304 309 314 317 316 316 318 323 329 331 329 330 331 335 331 329 328 329 333 335 336 339 338 340 340 340 342 345 349 350 352 352 351 352 353 354 356 354 356 354 358 356 358 362 362 363 365 364 366 369 372 374 376 380 383 389 395 394 397 397 397 397 400 401 398 394 385 383 383 386 389 390 398 396 396 392 391 390 389 391 389 384
291 294 295 298 302 301 303 304 306 305 304 303 305 308 317 317 318 318 320 323 330 329 325 327 328 329 327 328 327 327 329 332 331 336 338 339 336 341 344 347 346 350 357 353 350 354 358 358 357 355 351 354 356 356 356 361 359 362 362 366 366 372 378 376 379 382 378 389 394 397 402 400 403 399 398 395 392 389 383 383 380 385 388 389 395 396 400 395 392 388 388 390 387 386
290 292 295 299 301 300 303 307 309 307 303 299 303 305 311 316 317 317 320 323 328 326 327 325 325 326 327 326 328 326 332 331 335 333 336 340 338 338 343 345 348 349 355 350 351 351 356 356 359 356 356 354 354 356 358 357 361 364 364 367 370 374 378 382 383 383 384 389 394 396 402 403 403 403 403 398 395 387 382 380 380 381 385 387 392 396 398 395 393 393 391 391 386 389
284 290 291 297 306 303 304 308 319 310 303 303 302 304 307 314 318 318 319 322 329 328 327 324 323 325 326 327 329 327 328 332 337 332 337 335 336 336 338 341 345 347 348 346 344 347 351 354 360 356 356 357 355 356 359 361 365 365 361 368 371 376 380 384 387 385 384 389 397 397 400 403 404 402 401 399 400 391 386 380 373 379 385 386 389 394 395 396 396 394 395 390 389 390
288 290 295 299 301 300 301 307 312 310 305 308 306 303 307 310 314 316 320 322 325 327 327 325 323 324 327 325 327 328 330 329 333 328 333 335 336 338 339 339 343 344 342 342 345 346 346 349 353 352 354 356 357 357 357 361 364 366 367 370 376 379 383 388 387 389 389 395 395 396 400 403 400 399 401 401 395 390 385 380 379 378 380 384 389 394 394 396 395 395 393 391 390 391
