BTP Project Sonu Giri/Code/Semester-2 (using GRASS GIS)/Code/code version 2.0/Output_single_H_with_erosion/H_85/DEM.asc
north: 4928050
south: 4902450
east: 609000
west: 583400
rows: 512
cols: 512
null: -9999
[rows 168 to 209 of 512, columns 0 to 93 of 512]
316 313 310 312 312 310 309 312 314 315 316 314 309 312 313 313 311 310 309 309 309 307 306 301 297 303 301 304 305 307 305 303 302 302 303 302 300 299 301 300 302 304 304 306 305 305 306 304 299 300 301 306 312 307 310 313 319 317 316 321 321 329 333 340 350 347 346 348 349 350 348 350 353 352 351 350 349 344 341 342 340 345 350 348 347 346 343 343 338 342 344 346 351 345
315 315 309 312 311 310 314 313 316 315 315 316 313 312 315 310 314 314 312 312 311 309 309 305 307 306 305 308 306 307 306 308 306 303 303 302 301 300 301 299 303 301 305 309 308 306 306 308 306 304 307 308 311 311 308 312 313 316 313 317 320 325 330 338 342 344 346 347 350 350 348 350 353 355 354 351 350 346 346 345 344 346 350 353 351 349 346 345 345 345 345 346 344 346
315 314 313 313 311 313 318 316 318 316 315 315 315 313 316 314 313 314 314 310 313 310 309 310 314 312 312 311 309 311 309 308 311 308 302 303 302 302 303 302 302 308 308 309 309 309 307 308 308 309 312 310 316 310 306 308 311 309 306 310 311 324 325 334 340 342 345 346 353 350 348 348 351 353 355 350 348 346 345 349 350 350 350 353 353 350 352 345 341 346 344 344 345 347
316 314 314 313 314 314 317 319 314 313 315 314 313 315 316 316 318 316 315 316 316 313 310 316 313 317 316 318 315 316 313 315 313 308 307 306 305 302 305 303 309 312 310 311 313 309 309 310 310 313 312 310 315 313 311 312 306 308 307 309 313 319 329 332 337 338 341 344 348 346 345 348 349 350 350 348 346 348 352 353 353 351 352 353 356 355 352 348 345 345 345 343 345 348
316 317 319 315 316 319 319 318 313 314 314 316 315 315 317 318 321 321 320 319 320 315 314 317 317 319 318 319 322 318 314 314 314 312 310 308 306 305 304 307 312 313 313 312 316 313 312 315 315 316 313 314 318 317 313 312 311 308 306 308 309 318 326 330 333 338 338 342 345 345 342 347 348 345 346 346 344 347 356 355 358 354 353 358 363 358 351 352 350 348 347 344 341 348
318 318 318 320 322 323 322 321 322 319 319 320 317 317 316 317 318 318 319 320 321 319 320 321 322 322 324 324 324 321 319 318 317 315 312 312 311 304 309 308 313 314 313 315 314 317 315 316 317 319 318 316 315 319 316 311 314 309 309 313 315 324 328 328 330 335 335 338 342 343 344 343 343 344 345 346 344 347 352 352 355 357 356 356 358 360 354 354 354 354 352 349 351 354
318 320 320 321 320 320 322 327 328 323 322 322 320 318 314 319 318 320 323 323 322 323 322 323 324 326 328 328 329 324 321 319 319 319 317 312 310 310 310 314 314 315 316 318 317 317 316 321 321 322 321 319 315 318 315 314 316 309 307 313 317 322 326 329 331 332 332 334 337 340 342 342 342 343 342 346 344 349 353 354 353 355 362 358 354 357 357 356 354 356 360 358 357 358
317 317 320 320 320 322 325 328 329 325 324 323 321 318 318 323 323 328 326 327 326 328 328 329 329 328 328 328 327 327 323 320 323 320 317 315 312 310 312 316 315 320 317 317 320 321 321 326 327 325 322 319 318 321 318 317 315 312 310 311 318 321 326 327 330 333 332 332 335 337 341 339 342 345 346 348 347 347 352 351 351 355 356 357 352 350 354 352 353 360 362 361 363 365
316 316 320 318 318 322 325 328 333 327 324 322 322 319 322 326 332 329 331 329 330 331 334 328 331 329 326 326 326 328 327 324 323 323 321 317 312 314 313 315 317 321 321 320 320 320 323 328 334 326 321 319 320 319 313 315 313 310 311 316 320 322 324 327 330 330 331 334 333 337 337 340 341 344 349 347 346 347 348 350 354 356 357 351 351 351 353 355 357 359 364 366 370 364
312 315 319 317 320 324 326 325 327 326 324 322 323 321 324 331 329 326 324 329 331 332 328 327 328 330 329 328 328 329 327 326 325 323 322 320 317 316 316 315 319 322 323 320 318 319 323 327 328 325 321 317 318 314 312 314 311 315 316 317 323 321 323 327 328 331 332 332 334 336 336 336 340 342 347 348 349 350 350 353 354 351 350 350 348 351 349 352 356 359 364 364 366 365
310 316 320 317 322 326 329 325 322 323 324 322 324 321 319 324 321 324 322 326 328 328 325 327 327 325 326 331 326 326 326 325 323 322 319 320 320 321 320 320 322 325 324 322 322 321 325 324 329 325 319 315 317 314 312 314 309 311 315 318 318 322 320 326 329 331 333 333 334 336 335 338 339 343 349 350 351 352 354 353 355 352 343 346 345 346 343 346 349 357 362 365 367 363
311 312 316 316 318 321 326 325 321 324 325 324 322 321 322 325 324 327 326 326 332 327 326 325 324 323 322 326 329 325 326 324 323 323 322 324 322 321 323 327 325 325 322 318 319 317 321 320 324 325 320 315 315 315 312 310 311 311 313 317 317 318 322 326 331 334 330 333 333 334 334 339 340 346 350 353 351 351 353 354 355 351 347 345 343 349 346 352 350 355 360 361 361 358
309 311 315 314 317 318 322 324 322 323 327 324 321 322 322 322 325 325 325 328 330 327 324 323 325 320 318 322 324 327 327 327 322 322 325 325 325 324 326 327 331 325 323 321 315 318 317 319 325 323 321 315 309 310 314 308 309 309 308 311 310 316 321 328 333 331 332 330 327 334 335 339 343 344 349 349 351 352 353 354 359 351 345 345 341 346 351 350 349 357 355 358 356 359
313 309 310 309 314 315 319 321 323 323 321 322 323 321 319 321 325 324 325 327 327 324 322 321 322 322 320 322 322 322 325 322 326 325 325 329 326 326 328 327 327 326 322 319 316 316 318 318 319 318 320 313 310 308 309 307 309 310 314 313 316 318 327 329 331 328 328 328 328 334 337 337 339 343 347 350 351 354 350 349 352 349 344 349 348 345 351 352 353 359 357 358 360 361
314 312 309 313 318 314 316 317 318 318 318 321 320 321 318 321 318 322 326 325 322 319 320 318 320 316 317 317 320 322 325 325 325 324 324 326 326 327 328 322 323 321 319 317 316 316 319 319 322 321 316 313 309 307 306 309 310 311 315 316 322 321 328 327 332 325 322 325 331 331 333 336 338 342 351 352 349 351 347 346 347 347 344 347 346 345 352 348 350 355 361 363 364 365
317 315 315 317 321 316 314 313 315 315 321 321 321 323 322 323 323 322 323 322 319 317 316 313 314 314 316 318 319 323 324 326 324 323 324 327 326 323 324 321 320 324 319 316 317 318 322 322 323 319 314 305 305 304 308 307 308 309 316 318 321 321 324 323 324 321 324 327 327 330 334 336 336 341 344 347 348 346 343 341 343 343 346 344 344 346 348 352 354 358 364 368 371 370
322 320 326 325 328 322 316 316 317 318 320 321 319 320 323 325 327 321 319 323 317 316 309 310 304 311 316 318 320 322 326 324 325 322 324 322 321 321 319 319 315 319 319 317 317 321 323 323 323 318 313 307 300 304 309 311 310 311 316 317 321 319 324 321 319 323 328 330 325 330 334 334 328 337 343 344 345 344 343 341 341 345 349 346 342 350 350 355 352 357 366 371 376 375
321 323 326 327 330 323 322 320 319 321 321 319 321 322 325 327 325 325 323 323 319 315 311 312 312 314 315 320 318 322 324 326 324 320 320 320 322 319 319 317 316 318 318 321 319 323 323 324 321 319 314 308 308 311 315 316 313 310 313 314 315 318 320 324 324 326 331 330 328 332 332 330 331 334 337 342 341 342 343 345 342 348 350 347 351 353 354 358 362 360 370 376 376 375
321 324 327 331 332 332 331 325 320 319 316 322 324 328 331 324 321 325 328 327 325 317 309 313 311 315 319 317 315 319 325 324 325 322 322 320 317 318 318 316 316 319 319 317 319 321 326 321 317 318 313 310 315 316 324 323 314 314 317 312 311 318 326 328 329 331 332 332 328 329 327 330 331 336 334 335 338 337 340 343 346 351 352 351 356 358 356 365 367 371 372 374 376 373
325 327 329 330 331 332 332 329 324 319 321 323 325 325 327 326 324 327 328 327 323 317 315 314 315 316 316 314 315 319 323 325 323 323 320 320 317 316 316 316 317 320 318 317 319 317 321 318 317 317 314 309 310 315 319 321 318 318 316 313 314 320 325 330 332 337 335 335 334 332 333 334 333 340 336 334 335 338 342 345 351 357 358 358 363 365 367 370 373 375 377 376 376 375
329 332 334 334 334 332 333 330 324 322 325 327 328 326 324 326 323 329 329 326 322 321 321 320 315 318 319 315 314 316 320 323 324 324 323 320 320 317 316 316 312 316 316 316 317 317 313 312 315 313 310 307 306 314 319 320 322 319 313 315 311 321 326 334 337 338 340 337 338 340 340 341 337 341 338 338 331 335 343 348 359 360 360 364 367 367 371 375 376 377 379 377 376 377
335 337 341 338 339 335 334 329 328 328 330 328 327 328 328 328 329 331 329 325 326 324 324 321 320 318 318 317 319 317 320 324 326 327 326 318 319 320 319 316 311 314 315 314 315 313 310 309 309 307 311 308 310 313 317 322 321 321 321 321 321 326 328 334 338 342 342 342 344 345 344 342 343 345 343 339 338 339 345 350 357 362 363 366 368 372 373 379 379 383 380 379 380 382
342 343 344 341 339 337 339 335 334 333 332 329 326 327 329 330 332 331 330 329 328 327 326 324 324 322 321 320 322 320 321 324 325 325 323 320 318 319 324 315 315 311 310 312 314 312 305 306 302 305 307 308 311 314 317 318 318 323 326 325 326 330 329 334 337 341 346 345 345 348 352 349 348 350 352 346 342 343 347 355 357 359 364 368 370 376 379 382 386 384 381 383 384 385
347 346 345 345 343 339 342 340 337 336 333 330 330 329 329 328 333 332 332 331 332 329 328 325 327 323 321 321 321 323 324 329 329 327 324 319 317 315 318 314 316 316 312 311 309 306 304 299 298 304 306 306 310 316 322 322 327 327 330 332 333 333 329 331 337 338 343 346 350 350 351 351 354 356 353 354 349 347 352 353 354 358 366 373 377 382 385 388 390 388 384 386 386 390
352 347 346 346 342 344 342 343 339 338 333 333 330 330 330 332 334 333 332 335 338 333 329 327 327 326 322 325 325 325 323 329 334 327 324 320 313 314 316 314 313 314 314 311 306 303 304 299 292 302 304 306 309 316 322 324 331 334 337 337 341 337 332 335 335 338 341 346 350 353 353 356 358 356 356 355 352 352 355 353 350 362 372 377 385 384 389 389 397 390 386 385 388 390
352 350 348 349 348 351 346 346 341 338 337 334 333 334 333 337 334 335 334 334 334 331 331 329 327 326 326 328 326 328 325 327 328 329 326 320 318 318 319 317 318 312 312 309 305 299 303 302 300 303 305 306 310 310 318 324 327 333 334 340 343 342 340 338 340 342 345 351 353 353 356 359 360 358 358 356 356 355 357 358 358 364 373 378 382 384 386 387 391 391 387 386 386 392
351 350 349 348 347 350 351 347 342 341 344 339 335 332 336 333 330 333 336 333 335 334 333 331 328 328 328 325 328 327 326 328 326 326 329 322 319 320 323 318 311 310 305 304 301 304 307 305 311 307 309 308 307 312 318 322 326 330 333 340 343 344 344 344 346 347 350 352 351 356 360 359 363 361 364 360 358 357 360 361 363 370 377 377 380 383 385 385 389 386 382 384 389 390
352 351 351 346 347 350 350 349 347 347 343 342 338 336 334 333 334 336 334 333 337 334 335 334 333 331 331 331 330 330 327 325 324 323 324 324 322 323 322 317 314 309 306 306 304 309 307 311 310 312 313 314 313 316 315 319 323 326 334 342 344 348 347 350 351 349 354 356 355 358 359 361 363 364 363 362 362 361 365 366 368 372 376 376 379 383 384 385 386 382 387 386 383 389
352 352 350 348 345 351 353 352 358 347 342 342 336 337 333 334 336 335 337 338 339 337 337 334 336 329 331 332 335 329 326 324 325 325 323 323 326 324 324 317 315 311 308 308 302 310 307 309 313 317 318 320 317 319 316 322 319 327 336 342 350 349 348 351 354 354 357 359 360 361 363 364 363 366 366 363 365 365 367 366 369 373 373 378 382 384 384 384 381 385 388 386 378 382
353 355 352 351 348 353 354 356 350 349 347 343 341 341 339 339 339 337 339 341 339 335 335 335 331 331 328 328 330 331 327 325 324 325 325 326 322 320 319 318 314 312 313 314 309 309 308 312 317 319 323 325 324 327 325 325 325 331 334 339 343 349 349 347 351 356 359 362 364 367 368 368 367 367 365 364 364 367 368 369 373 377 375 381 382 385 388 384 385 384 386 385 382 385
357 357 359 353 351 355 360 361 355 351 346 342 342 340 342 340 338 340 341 341 342 335 332 330 327 329 325 330 332 329 323 323 321 324 329 327 323 319 319 314 312 311 316 314 313 310 304 313 321 325 329 328 330 328 330 328 331 331 331 336 338 344 345 348 346 355 363 366 370 370 368 372 376 369 368 367 365 367 369 371 373 375 378 381 382 385 389 388 386 386 389 387 387 389
361 360 360 360 359 357 359 361 360 360 352 347 344 343 341 340 337 339 341 341 335 335 331 332 332 331 330 331 331 326 326 323 322 321 325 327 325 320 318 316 314 317 320 318 314 312 315 316 323 326 327 327 328 329 333 331 333 337 337 335 342 340 343 345 345 350 359 368 372 374 372 374 375 371 370 366 367 369 370 374 375 380 383 384 384 386 388 390 391 386 388 390 391 392
364 362 362 360 363 360 358 362 366 361 358 351 350 347 344 342 339 338 339 336 335 337 338 335 334 333 335 334 336 328 329 323 320 324 326 325 322 321 317 314 314 318 320 316 317 319 319 325 324 327 325 324 326 333 332 335 337 338 343 343 344 342 343 343 338 350 358 366 379 374 373 377 377 375 371 370 367 370 372 373 378 379 386 385 384 386 387 391 394 390 390 393 393 394
363 363 363 363 361 360 361 361 362 366 359 355 355 352 350 347 341 340 341 340 341 340 340 338 337 333 335 337 331 325 327 324 323 323 327 324 325 323 320 319 316 317 318 317 320 321 323 326 328 330 331 332 334 339 339 340 342 343 346 345 347 344 346 344 348 348 355 363 370 373 373 375 374 374 374 372 371 374 373 377 376 379 383 383 382 384 387 386 388 389 391 395 394 394
362 362 363 361 360 359 360 361 359 363 362 359 358 358 355 349 345 345 343 344 348 345 343 343 342 338 338 333 330 329 323 325 325 328 333 331 330 325 321 322 320 320 319 322 325 327 324 328 330 332 340 337 334 341 338 342 344 347 350 347 351 351 352 348 347 355 359 363 368 370 371 373 376 375 375 372 370 373 377 376 378 379 380 382 382 383 388 388 391 393 397 397 397 397
360 361 361 363 359 359 359 361 361 363 361 361 363 360 356 355 352 350 350 350 349 346 345 343 340 341 335 335 331 333 328 329 330 331 330 332 333 331 324 323 322 321 324 329 331 333 330 334 333 334 338 341 342 339 346 345 349 349 350 350 358 355 357 352 355 359 357 361 364 365 369 375 372 369 373 372 372 375 377 375 378 380 381 385 381 384 386 388 389 390 397 400 400 404
361 360 357 360 354 357 360 362 362 362 363 364 368 364 357 361 351 354 358 354 352 348 347 344 346 342 338 338 334 334 335 332 334 330 331 333 338 333 331 327 326 323 329 331 339 337 332 334 334 338 342 342 346 346 348 348 353 352 349 353 356 358 359 359 361 362 361 365 361 364 366 370 369 370 370 372 368 374 376 377 382 381 386 386 386 389 387 387 385 391 394 401 408 404
361 362 359 356 357 358 358 362 364 366 367 365 365 366 365 361 362 361 362 357 355 350 348 346 344 344 341 338 337 335 335 333 331 329 332 335 334 331 331 325 323 325 330 333 337 336 334 334 334 339 340 341 346 347 350 350 352 353 353 356 358 358 360 363 365 365 366 366 363 365 368 373 371 370 372 373 373 373 378 383 384 385 386 389 388 388 391 393 390 398 399 405 406 406
362 360 365 357 355 358 357 362 362 367 371 365 366 368 372 370 369 366 366 360 355 353 348 349 346 343 341 341 338 338 337 332 327 330 327 331 333 333 332 327 321 323 329 330 335 333 332 330 333 335 339 342 343 350 349 352 357 354 356 358 359 360 361 366 368 368 368 365 361 366 371 372 375 373 372 374 376 376 380 383 389 388 389 388 389 389 392 393 392 397 396 402 406 404
362 361 361 360 362 360 360 362 364 363 365 366 369 371 373 375 376 374 368 365 360 358 354 351 350 346 344 344 342 339 339 335 333 333 331 329 334 330 331 327 320 319 320 325 328 329 329 329 327 331 336 340 347 353 353 354 357 357 358 361 360 362 365 371 370 370 369 366 363 368 371 373 375 373 375 376 379 383 384 388 391 390 389 386 388 389 392 393 396 398 400 404 404 403
359 362 361 363 367 365 356 364 366 364 364 367 370 373 371 376 387 377 371 366 362 359 358 353 349 347 343 344 345 341 339 336 333 332 334 333 334 331 327 325 314 317 320 320 326 325 326 324 322 329 336 341 347 348 354 357 361 359 358 359 358 363 367 371 376 373 374 366 361 364 367 371 375 373 373 378 383 385 391 389 395 391 389 387 388 392 398 397 403 398 400 402 401 401
363 365 362 364 367 366 364 364 364 368 366 363 369 373 372 374 378 374 371 369 363 354 355 354 352 352 347 345 345 340 338 336 336 331 334 332 333 328 328 327 323 320 321 324 321 325 321 321 325 330 332 338 343 346 351 356 359 360 361 363 361 363 367 367 372 372 370 367 365 367 367 371 369 371 374 376 383 386 388 390 389 388 386 385 388 390 395 394 397 396 398 399 398 405
