BTP Project Sonu Giri/Code/Semester-2 (using GRASS GIS)/Code/code version 2.0/Output_single_H_with_erosion/H_85/DEM.asc
north: 4928050
south: 4902450
east: 609000
west: 583400
rows: 512
cols: 512
null: -9999
[rows 126 to 167 of 512, columns 94 to 187 of 512]
392 394 400 401 403 402 400 401 404 400 400 396 395 390 386 386 387 382 381 383 383 380 382 384 393 387 389 390 386 386 388 391 390 388 392 385 379 383 387 386 387 387 391 393 397 406 411 412 415 420 421 420 418 417 418 418 418 420 421 421 420 426 433 432 437 440 444 442 444 446 445 449 452 458 465 464 466 468 473 472 477 480 484 486 490 490 493 488 487 490 490 491 494 491
391 401 405 406 404 403 402 398 400 398 397 396 391 386 383 383 383 381 382 381 377 377 376 382 386 385 385 386 384 384 385 387 387 385 387 386 382 383 384 387 383 383 388 391 399 410 411 415 416 421 424 421 417 417 414 418 417 420 420 420 421 426 428 433 434 437 438 440 442 444 448 452 455 460 465 466 466 467 471 475 478 484 487 488 487 487 492 490 490 493 490 489 489 489
390 402 414 407 403 402 399 397 396 398 400 394 388 384 380 380 378 380 378 376 373 371 369 377 385 383 382 383 384 382 383 384 386 383 378 381 384 383 388 384 384 383 384 392 396 405 413 413 417 419 432 423 416 415 413 413 415 417 421 420 421 424 424 431 437 439 436 440 440 442 444 451 457 462 472 466 466 468 470 477 484 484 492 489 490 491 497 491 492 492 491 487 487 488
389 399 403 406 404 401 399 394 393 395 395 392 390 384 382 379 381 376 375 375 372 375 372 376 380 378 380 380 379 380 379 382 383 384 380 386 382 383 384 387 387 388 389 395 399 405 409 410 413 414 417 417 416 414 410 411 412 412 415 420 419 423 426 428 431 437 438 436 440 443 447 451 455 458 467 468 465 467 473 473 479 482 486 487 488 490 491 489 492 493 492 491 489 484
385 392 392 397 400 399 399 393 390 391 392 391 391 384 384 381 379 377 374 371 371 377 378 376 375 378 380 379 372 376 378 379 381 382 384 386 383 385 387 391 390 389 391 396 400 406 407 409 408 410 411 411 413 410 411 410 407 410 412 416 416 420 420 429 428 434 437 436 437 442 448 452 456 460 467 465 470 471 472 473 476 479 479 485 485 487 489 489 488 489 488 488 487 486
383 387 390 391 393 394 396 396 388 387 385 386 384 382 381 378 376 372 368 370 374 383 381 379 381 385 383 380 376 372 372 375 381 381 388 391 390 390 392 394 393 391 390 395 399 403 405 406 406 409 408 409 407 409 409 409 408 410 413 419 419 422 423 428 431 435 437 438 439 445 448 450 453 458 465 466 467 469 467 468 471 476 481 483 485 487 488 489 487 490 489 486 488 489
380 383 387 387 390 392 397 391 387 381 377 381 380 379 377 375 374 369 367 368 373 380 386 384 383 388 389 382 380 375 367 377 382 385 390 391 394 395 402 397 394 391 382 391 397 400 405 405 404 406 405 405 404 406 408 408 407 409 415 417 417 419 422 426 433 435 440 438 441 441 447 450 457 458 461 465 462 464 464 464 464 472 480 479 478 483 488 487 489 488 484 487 489 488
379 382 382 385 385 388 389 389 384 378 378 378 375 377 375 374 372 372 367 368 370 378 380 383 386 385 387 385 382 374 376 382 384 383 390 397 394 396 398 397 398 393 392 394 396 399 401 401 403 404 406 405 405 405 407 409 406 408 409 411 413 419 422 425 429 434 436 437 436 441 447 451 455 460 460 465 462 461 463 464 465 465 471 475 475 479 483 485 486 486 486 485 489 488
373 377 379 380 383 384 384 385 380 378 378 377 374 375 375 373 369 369 366 368 369 374 375 381 388 390 392 388 382 382 381 382 388 389 390 395 396 398 401 399 397 394 393 394 397 401 400 402 405 404 404 406 406 404 404 405 405 405 407 408 406 412 418 420 426 430 435 433 433 441 443 451 453 458 460 458 462 460 461 461 462 463 468 471 467 478 482 483 487 487 487 487 487 489
369 372 371 375 379 377 381 382 377 376 379 378 376 376 374 371 369 369 370 370 372 377 376 380 388 389 393 392 388 387 384 386 392 392 391 391 394 397 398 400 397 399 397 398 400 401 400 401 403 406 408 406 403 401 399 402 401 403 404 405 406 409 416 418 420 426 428 433 438 443 446 450 454 457 458 458 457 460 459 461 461 460 464 467 469 476 479 482 483 483 488 483 486 488
364 364 361 366 374 376 378 377 378 376 378 376 378 376 378 374 366 370 372 374 375 376 380 380 389 389 392 393 389 389 386 386 386 391 392 393 392 395 395 397 398 397 403 402 403 402 402 403 405 406 410 403 404 398 395 396 401 401 399 402 405 410 417 416 420 423 424 431 438 442 447 451 455 455 455 456 455 459 465 460 461 463 458 464 468 476 481 482 480 484 487 485 481 484
359 361 362 363 369 374 373 370 369 371 369 371 372 372 371 373 368 371 372 373 375 377 381 386 387 389 392 391 389 391 389 392 390 389 392 392 392 396 396 396 396 398 399 402 402 398 398 403 402 403 403 402 398 395 393 396 398 403 402 404 407 410 411 413 417 420 425 430 439 443 448 450 453 455 455 454 454 457 460 461 462 462 464 468 472 477 478 482 482 479 482 481 479 481
353 355 355 363 366 368 368 365 361 364 364 368 365 367 362 368 370 373 376 375 374 377 381 386 388 390 393 391 388 388 388 389 392 391 393 391 392 396 400 397 393 396 401 401 404 399 400 399 403 402 400 395 393 394 390 393 394 397 402 403 405 406 405 408 412 420 427 433 439 442 443 448 450 452 453 451 453 455 460 459 459 463 466 470 473 476 477 480 483 478 477 478 476 479
355 355 358 362 360 360 361 356 356 358 359 364 363 364 364 366 369 373 375 373 376 380 382 383 387 388 389 388 390 388 386 386 389 390 392 393 392 397 399 399 397 396 401 402 401 394 398 399 399 399 394 391 390 389 393 396 398 402 405 404 403 401 405 407 411 416 425 432 436 442 445 446 449 451 452 453 453 455 455 459 462 466 466 471 472 471 474 478 479 479 478 478 476 477
355 351 352 356 354 354 351 352 349 353 352 360 358 362 362 368 372 374 378 376 378 379 380 384 387 387 386 388 390 389 383 384 385 389 386 388 391 395 403 399 400 398 402 401 399 395 399 397 399 393 395 391 389 391 393 396 399 402 407 407 406 403 400 407 410 419 428 429 431 441 446 446 446 449 451 453 451 452 453 459 462 464 475 473 474 472 467 472 475 477 480 479 474 477
345 345 343 350 351 350 350 349 353 355 355 356 359 361 360 363 368 371 375 376 376 381 381 384 388 386 389 386 389 389 386 384 385 388 389 388 390 394 399 399 398 400 402 399 397 396 396 395 394 390 391 390 393 395 396 398 399 404 407 409 408 404 405 407 413 417 424 425 431 435 440 442 445 444 447 450 452 452 452 454 460 462 469 470 471 469 471 472 474 473 476 478 474 475
337 339 341 342 349 350 346 349 354 353 351 356 359 360 362 364 365 370 376 375 375 378 378 384 394 392 391 389 390 386 385 384 386 387 387 389 391 393 395 394 392 397 399 400 395 395 394 392 392 390 388 390 395 396 401 400 403 407 411 408 407 409 404 407 413 416 420 425 430 435 435 440 443 440 441 447 451 450 453 453 455 461 464 467 465 466 467 471 472 473 473 476 474 474
335 335 333 336 340 344 346 349 350 351 355 360 358 362 362 365 371 369 371 372 373 373 379 384 387 390 389 390 392 390 386 386 385 383 387 388 387 390 393 391 394 398 399 399 397 397 396 391 390 386 385 390 393 397 401 403 405 407 411 411 412 412 407 411 409 414 417 423 427 430 436 435 438 435 436 441 447 450 453 452 456 460 467 464 465 465 465 468 471 473 475 474 474 476
331 334 325 335 340 341 345 349 354 353 359 360 363 364 362 367 368 370 367 371 372 376 383 384 387 385 389 389 390 390 387 386 384 383 386 386 386 388 390 393 393 397 406 402 399 398 396 391 389 385 382 389 391 397 403 403 407 408 415 413 409 410 414 412 408 411 407 418 426 429 436 433 431 433 432 441 450 451 451 454 459 462 466 465 462 465 466 467 468 472 472 473 472 473
329 328 329 336 343 339 349 352 355 357 359 360 362 366 364 365 366 368 370 370 374 374 379 378 380 383 386 385 387 388 383 384 383 383 382 383 385 385 389 391 393 395 398 400 398 394 394 392 388 383 386 394 395 400 402 402 406 409 408 410 407 406 409 411 412 413 413 415 424 426 432 434 433 433 438 443 447 450 452 451 458 461 462 462 465 467 467 467 468 470 472 470 473 474
328 330 332 338 345 346 354 354 355 357 362 364 365 367 367 365 364 367 366 369 372 375 379 377 375 381 382 384 384 383 377 381 386 382 382 384 386 388 387 388 391 391 391 394 393 393 391 389 387 386 389 392 397 401 401 401 406 406 404 405 409 405 405 409 415 413 412 415 422 426 432 429 432 435 440 444 446 449 454 453 455 457 458 461 461 467 469 467 465 470 471 472 473 473
334 333 337 341 348 350 355 357 361 361 361 363 368 367 368 370 367 368 371 370 375 375 373 376 377 379 378 381 380 379 378 382 382 382 381 385 386 388 388 390 392 390 391 390 390 386 387 385 384 384 389 391 397 402 404 402 405 403 405 407 405 403 405 408 410 411 413 413 418 421 427 428 435 435 441 444 447 447 450 451 453 459 459 461 460 461 466 468 466 467 470 470 471 475
334 335 336 340 344 349 358 358 357 358 360 365 368 368 370 368 366 372 376 372 376 371 371 374 373 375 375 373 373 373 371 375 380 381 377 383 388 387 388 389 389 388 387 387 389 385 381 382 385 387 394 393 398 402 404 403 406 404 404 403 401 402 401 404 406 407 408 412 416 420 425 429 436 436 443 444 449 450 453 451 453 456 458 459 458 462 467 465 467 470 472 472 473 474
338 341 342 342 349 353 356 358 358 361 363 365 368 371 368 368 370 371 374 374 375 372 370 369 371 369 372 373 370 372 371 375 380 381 381 385 388 387 388 384 386 389 387 385 386 382 380 380 385 391 395 400 398 401 401 402 404 404 404 403 403 403 402 405 406 406 407 411 413 422 424 430 433 433 441 444 446 449 449 450 453 456 456 459 456 458 462 464 468 471 471 471 469 465
341 342 345 348 352 354 355 358 360 364 370 367 370 369 364 366 368 373 374 373 372 372 371 369 368 369 371 370 368 371 371 374 379 381 383 385 393 389 387 384 383 389 383 384 379 380 384 384 389 392 397 398 400 399 401 402 400 403 403 403 398 401 402 403 404 400 404 409 413 419 421 426 431 434 439 442 443 446 449 452 451 453 452 454 457 456 459 462 463 465 466 467 464 465
335 343 348 351 353 354 358 362 366 370 372 367 371 367 365 367 367 369 369 369 372 372 369 369 366 365 366 367 370 371 370 373 379 384 383 382 388 388 387 388 387 386 384 384 381 381 382 386 390 393 396 398 397 399 401 401 404 404 403 404 404 405 405 401 397 395 400 405 412 414 421 425 429 436 438 441 445 448 445 446 446 449 450 454 455 455 455 458 460 464 463 463 464 464
335 340 346 352 357 358 361 364 368 369 375 374 368 369 365 365 365 367 368 369 368 366 369 366 360 362 358 362 367 368 369 373 378 383 385 385 387 387 387 388 389 385 385 382 379 383 384 388 390 397 398 397 401 401 400 402 406 405 406 402 400 402 404 399 396 393 392 403 411 415 425 427 426 433 438 441 444 444 441 444 445 446 447 450 455 455 453 459 461 462 462 462 459 459
336 342 344 348 354 360 361 364 365 370 370 370 367 365 362 363 363 365 366 365 366 364 365 365 360 358 363 363 363 365 368 374 376 381 381 384 383 390 387 386 385 385 385 383 382 378 383 387 390 396 397 400 403 404 403 402 403 402 402 403 401 400 398 393 392 395 398 404 413 416 422 425 429 437 438 442 445 443 445 442 444 446 449 452 457 456 456 460 459 461 459 459 460 456
331 340 346 346 351 358 363 360 361 363 364 365 365 362 365 363 363 361 363 361 362 359 359 359 362 360 365 366 366 368 372 375 376 379 379 378 381 382 387 384 382 383 381 378 374 379 386 388 392 395 395 399 404 402 404 403 404 403 402 401 398 396 390 389 390 393 396 405 417 418 423 424 428 435 442 441 444 444 443 443 441 446 450 455 460 460 460 461 455 458 455 457 458 460
336 340 340 347 351 358 360 359 359 358 362 363 361 364 368 363 363 361 362 357 359 358 354 354 359 360 362 368 367 373 375 375 377 381 377 375 378 376 378 379 378 376 377 374 379 384 388 394 393 389 389 393 399 400 402 402 400 399 397 399 395 393 387 389 391 393 401 406 411 417 420 423 427 431 436 441 443 443 444 443 444 450 450 454 459 463 462 463 459 456 457 459 458 459
336 337 338 343 350 354 362 359 355 356 357 359 357 364 369 365 362 360 359 356 352 353 351 355 359 362 363 366 371 375 384 379 378 375 373 372 377 373 370 374 374 375 371 376 380 386 396 391 393 390 388 391 394 398 403 397 395 397 395 396 394 388 383 388 391 396 403 406 412 417 420 421 427 432 437 439 444 443 442 445 448 448 450 453 456 461 467 463 457 456 456 455 455 456
337 337 338 341 347 355 355 354 353 358 363 362 360 363 370 371 366 362 361 356 354 351 355 358 359 364 365 365 371 379 378 374 372 371 371 368 371 366 371 372 373 371 375 380 378 384 387 389 390 386 385 388 392 392 397 393 393 392 394 394 390 389 386 391 392 399 402 408 412 416 420 422 425 428 436 439 442 443 445 448 448 452 452 454 458 463 463 463 456 455 454 457 454 453
340 335 336 342 350 352 346 351 349 358 365 365 365 367 371 373 370 365 363 358 356 357 359 358 360 362 362 366 373 375 376 373 369 366 366 366 361 367 367 369 368 373 370 373 377 379 385 386 387 386 390 386 388 392 395 390 388 389 391 391 396 391 388 392 396 398 400 408 411 415 419 420 423 429 434 436 439 442 446 446 445 451 454 455 461 461 463 460 459 451 453 454 453 453
337 337 339 340 346 354 352 355 355 362 366 363 366 370 373 371 374 369 365 362 359 356 361 362 361 360 362 365 369 371 376 373 365 359 364 361 365 363 366 368 370 373 370 371 372 374 379 384 386 384 386 385 387 389 391 391 389 390 391 392 391 391 391 396 396 400 402 408 412 414 417 422 423 434 434 435 440 440 442 442 446 452 454 455 458 459 459 458 454 449 448 450 452 454
336 338 343 342 340 352 358 359 358 360 368 369 369 369 374 374 376 372 371 365 360 362 366 363 363 362 360 362 368 373 377 370 364 360 358 362 367 367 370 373 374 370 367 371 375 376 377 382 383 380 379 382 383 388 393 393 390 392 391 390 388 391 393 394 396 398 397 404 411 413 419 421 424 430 434 436 438 438 439 441 446 449 456 454 453 456 457 452 451 446 444 446 447 449
335 340 341 342 345 350 355 359 361 362 367 368 369 369 372 373 371 373 373 367 363 361 368 367 367 367 365 367 368 368 372 367 363 364 362 364 367 371 375 374 377 374 374 371 375 382 378 382 381 380 382 384 385 391 394 393 395 393 395 394 394 394 393 396 398 398 399 401 409 415 419 421 426 430 432 436 438 435 436 439 442 446 449 448 449 453 451 451 445 443 444 445 445 446
335 336 337 339 344 346 353 360 363 366 370 367 367 368 372 369 368 372 373 371 370 367 370 371 373 375 372 372 371 365 363 366 365 367 371 371 373 376 381 380 382 381 382 381 384 384 384 380 381 383 387 387 389 394 394 395 397 393 395 397 396 395 395 396 398 400 403 406 409 414 420 423 424 427 429 433 440 436 435 436 435 442 446 446 445 444 442 441 440 437 437 438 445 446
336 336 338 343 345 353 353 358 364 363 363 363 365 364 366 368 370 373 374 376 373 372 375 374 375 378 375 378 369 365 366 366 368 375 378 377 380 380 382 386 385 388 389 387 387 388 385 385 386 386 387 389 390 391 392 391 395 397 397 399 398 400 398 398 402 406 404 409 413 417 421 424 424 430 430 430 434 433 434 433 437 438 441 439 438 436 437 434 436 434 433 434 440 446
338 335 341 346 347 352 355 358 364 361 361 362 368 365 361 366 369 374 381 377 376 376 376 377 379 381 381 375 372 368 364 369 372 379 385 383 382 384 385 387 387 392 400 391 388 390 383 386 394 391 394 392 395 393 389 391 394 395 399 400 402 399 399 400 397 402 405 413 417 420 426 424 428 426 427 429 430 432 432 436 432 434 434 435 434 433 431 430 431 428 428 431 438 445
336 335 340 349 350 351 355 354 358 358 361 364 363 363 364 366 370 375 377 379 377 378 380 382 382 381 381 375 373 371 371 376 378 382 386 390 390 385 391 391 391 392 394 396 394 394 392 391 394 396 397 397 396 399 394 390 393 396 395 403 401 400 400 401 403 404 409 414 415 421 421 421 424 425 427 427 429 431 433 436 433 431 432 430 430 432 430 426 427 425 424 422 431 437
337 337 337 343 349 351 353 352 356 356 353 360 361 365 365 369 371 374 377 378 379 380 383 381 381 386 386 381 380 377 378 381 386 390 390 394 393 395 399 398 398 395 393 397 399 396 395 397 399 399 399 401 404 401 400 395 391 393 397 399 399 401 401 405 407 406 408 412 413 417 420 419 420 421 426 427 426 429 429 431 434 435 431 431 433 429 427 424 422 425 422 420 424 430
341 343 340 345 348 348 348 348 354 355 356 362 365 365 368 370 375 374 379 379 383 385 386 387 388 391 392 391 387 384 383 386 388 396 396 397 398 399 403 397 399 396 395 396 397 394 399 400 401 404 403 405 406 403 402 398 395 391 395 398 398 403 403 405 408 407 411 412 412 412 414 415 415 417 422 424 425 429 427 430 430 431 429 431 428 425 424 423 422 417 418 417 420 423
