BTP Project Sonu Giri/Code/Semester-2 (using GRASS GIS)/Code/code version 2.0/Output_single_H_with_erosion/H_85/flow_accum.asc
north: 4928050
south: 4902450
east: 609000
west: 583400
rows: 512
cols: 512
null: -9999
[rows 0 to 66 of 512, columns 0 to 95 of 512]
4 1 1 1 2 1 1 1 5 1 2 1 1 1 1 1 1 1 1 2 6 13 4 15 1 11 1 2 11 4 83 65 69 1 1 1 18 3 2 1 1 1 1 1 1 1 2 1 2 3 1 13 17 21 23 18 12 11 16 181 89 3 1 1 125 1 501 12 80 53 2 57 62 1 1 7 49 4 1 9 99 48 35 20 13 9 8 2 10 6 4 5 6 4 3 1
1 2 1 1 1 1 2 1 1 1 1 1 3 1 1 2 1 1 2 2 5 7 2 1 19 1 1 2 1 3 5 20 1 68 1 11 3 1 1 1 2 1 2 5 2 1 1 1 6 11 15 6 4 6 7 16 26 23 7 246 3 2 3 25 39 156 3 408 54 44 81 13 1 60 22 28 41 18 9 16 15 43 41 40 34 25 17 7 7 7 5 9 3 3 2 1
1 1 4 1 6 8 1 2 31 33 24 2 3 2 3 1 2 1 1 2 2 3 1 2 5 10 5 1 1 1 5 5 1 65 1 5 3 2 1 1 4 4 8 3 1 1 1 4 2 4 1 1 9 7 5 9 12 22 236 4 1 2 2 2 1 111 242 25 210 85 65 3 2 6 33 17 31 36 9 7 13 13 16 19 25 32 14 13 18 10 11 4 5 2 1 1
1 1 1 13 7 13 21 27 1 1 13 38 3 8 4 3 1 2 1 1 1 1 1 1 1 5 2 2 1 2 3 3 1 1 62 4 4 3 1 1 6 10 3 10 2 1 1 2 1 1 2 8 7 7 6 18 9 69 161 3 3 2 1 1 1 106 174 247 29 11 68 55 11 4 16 10 12 45 7 8 8 13 6 6 6 13 28 28 13 7 5 4 2 2 3 10
1 2 10 1 16 12 10 1 1 1 1 6 57 3 3 2 2 3 4 1 1 1 1 1 1 1 3 1 1 1 2 1 1 1 58 2 1 1 1 1 19 16 14 3 3 4 2 1 1 3 8 8 3 5 13 3 14 66 130 3 1 2 1 1 1 99 248 172 3 11 26 55 67 48 22 16 5 11 36 13 2 9 11 4 1 1 1 19 12 2 1 2 2 2 2 7
1 6 3 10 1 1 13 4 1 1 2 2 63 1 3 1 1 5 4 2 2 2 2 2 1 1 1 1 1 1 1 2 2 53 1 5 5 10 1 31 8 3 11 4 3 1 1 1 1 5 5 2 3 5 6 4 24 90 31 54 1 1 1 1 98 1 391 6 11 7 10 11 29 70 21 30 9 5 26 23 14 5 12 6 1 1 1 1 24 2 1 2 2 2 3 5
1 4 1 3 1 3 5 23 27 30 1 1 39 28 1 5 1 5 6 5 4 3 7 3 3 2 2 3 1 3 1 1 1 1 48 43 3 21 33 1 1 7 18 9 5 1 1 1 3 2 1 3 6 4 7 10 55 33 17 61 1 4 36 95 1 1 358 72 10 7 9 3 3 4 63 52 66 37 30 9 18 17 16 15 2 6 1 1 6 15 3 3 1 3 4 5
1 1 1 1 1 1 1 1 1 1 32 17 50 14 10 9 3 4 6 9 5 11 2 1 5 1 3 4 5 1 1 2 1 1 1 1 33 9 1 1 5 27 5 4 4 3 1 1 2 2 2 6 5 12 15 9 61 24 6 60 24 29 2 2 164 277 33 14 61 38 17 6 6 7 13 4 32 42 59 82 14 23 23 21 47 6 2 1 1 13 8 5 2 4 3 10
1 1 1 1 1 1 1 1 1 1 13 25 72 22 6 9 10 10 7 7 10 10 1 3 10 8 5 2 9 2 4 2 1 1 1 1 1 1 1 4 47 3 3 3 3 3 4 1 1 2 3 4 10 8 6 18 42 7 40 38 52 8 1 1 323 6 6 23 19 30 38 5 1 8 13 8 6 4 1 6 70 31 19 21 5 34 19 1 1 5 3 2 3 3 6 8
1 2 1 1 2 2 1 1 1 2 2 12 60 37 24 14 5 13 10 9 10 8 5 7 12 2 1 1 13 4 4 2 1 1 1 4 1 17 42 57 1 27 4 1 3 2 1 2 1 1 2 3 2 2 2 14 20 5 5 77 28 14 2 123 194 10 5 16 9 36 5 33 14 7 3 10 7 5 3 5 10 47 10 10 13 16 16 21 1 1 1 1 3 2 7 27
2 2 2 3 6 1 4 4 1 2 1 2 3 83 16 24 11 10 11 11 10 9 8 21 2 1 2 3 17 4 3 1 4 2 10 10 20 12 36 1 23 7 18 12 5 3 1 2 1 1 1 1 2 1 1 18 1 20 1 80 34 2 3 82 236 29 8 10 6 4 32 25 37 22 4 5 6 5 2 3 1 6 37 6 6 16 8 12 11 1 1 1 5 6 8 29
2 3 3 2 1 7 3 9 4 1 2 3 3 61 41 17 15 12 12 12 11 11 33 3 1 1 5 8 15 4 2 3 4 1 2 23 8 62 43 27 1 14 7 9 9 1 2 1 1 1 2 3 2 10 12 1 71 53 58 52 10 30 12 196 100 26 6 13 6 4 6 5 6 39 3 5 6 5 4 3 2 4 20 10 1 13 12 35 3 3 2 1 1 4 5 78
3 6 15 2 1 4 6 1 15 2 4 5 31 59 1 47 1 19 14 13 14 45 1 1 1 1 1 17 11 7 98 3 67 16 1 78 62 64 3 5 8 2 11 3 7 10 8 1 5 2 1 1 7 1 6 69 1 1 5 3 3 31 28 178 114 37 2 17 2 5 4 5 4 10 29 3 5 3 4 3 1 2 23 3 2 3 1 2 32 3 2 1 1 1 2 83
1 3 4 21 2 2 6 20 1 1 1 14 32 34 32 20 20 13 16 14 24 24 15 1 1 1 1 17 16 108 1 92 51 94 129 49 37 6 3 4 3 4 7 5 1 1 1 8 2 1 1 3 3 2 3 64 1 1 2 4 2 1 122 1 166 51 3 2 13 7 3 2 6 6 22 11 6 2 3 1 3 1 20 1 1 1 2 1 1 27 2 1 1 1 37 51
1 1 1 1 24 19 51 11 6 1 3 70 30 34 30 25 19 17 16 19 22 22 14 6 6 1 1 1 144 1 1 16 31 29 1 1 1 9 11 3 1 1 1 4 3 5 5 1 1 1 1 1 2 4 48 23 3 1 1 3 1 5 51 135 123 62 11 3 6 7 5 2 3 5 15 9 13 2 1 3 3 1 12 8 1 1 1 15 19 2 1 1 1 2 4 74
1 2 3 2 2 19 20 74 1 4 118 73 142 36 31 26 21 18 18 20 22 21 16 16 1 2 1 1 1 146 92 30 24 9 5 7 6 1 2 6 2 1 1 2 6 8 3 1 1 1 1 2 3 3 23 23 10 4 1 1 1 3 23 125 111 82 4 3 3 1 6 2 2 4 6 9 3 10 2 1 1 1 3 9 3 1 12 1 1 1 1 2 1 1 1 1
1 1 4 5 8 2 1 7 100 113 2 3 32 194 36 27 23 20 20 21 22 23 35 2 1 1 1 1 1 38 63 162 33 10 7 5 5 8 5 5 2 6 8 11 10 2 1 1 1 1 1 2 4 10 18 17 10 2 1 1 1 1 30 16 143 151 1 3 4 1 3 2 1 2 9 4 1 7 4 2 1 1 1 8 1 2 10 1 1 1 3 8 1 1 1 1
1 2 2 6 6 5 5 1 29 1 3 2 4 16 236 34 24 22 21 22 26 59 3 1 1 1 2 4 1 1 1 228 9 7 6 7 5 1 3 1 10 12 10 5 2 1 1 1 1 1 2 3 1 7 4 1 21 1 2 1 1 11 20 1 37 265 1 1 1 2 2 1 1 1 1 6 1 4 4 4 2 2 1 5 3 1 6 1 1 1 1 1 11 2 1 2
1 2 2 3 5 1 3 1 26 3 1 1 2 4 10 271 31 23 22 27 87 5 3 3 3 1 1 1 7 5 230 1 1 1 12 5 3 3 2 3 15 5 6 1 2 2 1 2 1 2 1 1 5 2 1 1 6 13 8 2 1 1 28 1 1 1 262 4 1 1 1 1 1 2 2 5 6 4 3 1 2 1 1 1 2 2 2 5 6 1 6 19 21 1 12 1
1 1 2 2 6 1 9 23 1 2 1 1 1 2 3 7 304 30 28 135 23 5 3 3 1 1 2 1 1 184 118 1 1 1 17 5 4 7 11 17 3 6 6 3 5 4 3 4 5 2 1 1 1 1 1 3 1 1 6 1 2 1 24 5 1 1 249 16 6 5 4 1 1 6 2 1 5 6 11 9 9 1 1 3 4 1 1 2 2 10 7 1 10 30 16 39
2 1 1 1 8 14 10 1 2 1 1 1 1 1 3 4 15 351 166 1 1 16 3 1 1 1 4 6 98 1 153 1 1 6 19 1 10 10 10 8 3 8 5 7 5 1 6 7 3 1 1 1 1 1 1 1 1 3 6 6 1 1 1 18 9 4 1 239 28 5 3 2 1 1 24 22 16 14 7 8 1 14 8 4 5 2 1 1 1 1 1 1 7 9 15 1
5 3 1 1 1 1 1 2 7 12 2 3 1 1 2 8 1 1 521 1 1 2 11 2 1 1 1 2 54 232 1 1 4 7 20 4 18 10 9 10 8 10 9 6 2 2 4 6 3 2 2 2 1 3 1 1 5 1 13 10 2 2 1 10 5 3 3 207 67 1 1 1 1 1 33 1 8 5 8 5 9 1 4 1 1 3 2 1 1 5 1 5 6 5 13 40
1 3 1 1 1 1 2 4 1 1 15 1 5 1 1 4 1 2 525 1 1 1 7 1 1 1 1 2 2 185 80 3 1 9 58 33 14 9 15 11 9 14 9 5 3 3 4 7 5 3 4 1 1 1 6 3 1 27 11 15 15 2 2 1 8 4 6 1 178 229 1 36 38 45 47 33 30 28 22 20 4 2 1 1 1 1 1 1 1 3 9 7 1 16 17 1
3 1 4 1 2 1 1 1 1 1 10 7 9 1 1 2 1 1 527 1 1 1 1 3 1 1 2 2 2 144 125 1 3 68 9 10 3 3 39 5 19 15 6 3 1 6 6 8 8 7 1 1 2 2 5 6 40 7 4 1 11 17 1 1 2 10 1 1 1 1 227 43 39 32 20 12 12 6 3 1 12 7 1 4 2 2 2 1 1 1 2 1 13 1 4 1
3 2 8 2 1 2 1 1 1 1 10 16 6 5 1 1 1 1 433 134 1 1 1 1 1 2 3 5 45 125 166 233 181 51 1 26 34 77 46 87 74 53 40 4 86 80 114 99 136 124 92 1 50 79 52 79 13 17 9 7 3 3 13 5 1 4 6 1 1 1 29 116 25 19 13 12 7 11 16 4 4 10 21 1 1 3 1 1 1 1 1 2 5 1 1 1
3 15 1 2 3 2 3 2 1 1 1 7 36 1 1 1 1 1 1 502 38 3 2 1 1 1 2 2 1 20 60 1 320 1 1 66 62 28 28 6 28 27 58 100 43 66 57 50 6 11 71 98 56 1 46 5 21 7 5 2 2 3 5 4 3 2 5 1 1 1 25 29 60 18 22 13 11 6 3 12 8 7 1 14 5 4 1 1 1 1 1 1 2 1 1 1
1 10 10 2 3 3 8 3 1 1 2 3 7 46 1 4 2 2 128 265 154 3 1 1 2 2 7 11 1 8 1 46 204 134 1 89 42 33 20 42 82 91 59 74 74 32 12 9 10 16 52 45 33 54 10 24 5 6 3 3 1 1 5 3 3 2 3 2 5 1 28 21 20 25 18 12 7 5 4 10 4 4 1 1 4 1 1 2 4 2 3 3 1 1 2 1
2 11 8 10 5 6 8 3 2 1 1 1 1 1 47 34 18 47 132 193 143 49 1 1 2 4 4 1 13 42 4 78 149 139 1 70 143 76 46 94 36 29 51 34 7 52 2 18 18 13 2 1 1 1 23 8 21 9 7 4 3 2 1 2 1 2 3 2 5 16 6 21 30 4 2 10 7 3 3 1 6 1 1 1 1 1 2 3 9 1 4 4 1 1 3 4
48 40 23 13 7 7 13 5 4 4 2 1 1 1 1 16 53 63 126 179 192 1 1 1 2 4 4 10 29 3 70 78 126 102 62 89 213 134 119 24 49 33 33 16 39 20 39 12 4 3 1 2 1 1 11 11 27 4 8 5 5 3 2 1 1 1 2 4 5 5 4 7 40 11 1 4 4 5 3 1 1 1 1 1 1 1 1 2 9 9 15 13 14 26 31 1016
1 1 7 2 1 19 2 2 4 1 1 1 1 1 2 9 13 142 154 335 1 1 2 1 2 2 3 1 14 1 1 155 116 99 83 145 225 78 95 112 36 29 18 29 6 5 9 12 4 3 4 1 1 1 1 1 1 24 8 7 4 3 4 2 1 1 3 1 3 3 2 1 23 23 2 3 1 1 1 2 1 3 2 1 1 1 1 2 7 1 1 7 10 1 1 1049
1 1 1 1 1 11 15 4 3 2 1 2 2 1 1 3 1 1 359 276 1 2 3 1 1 2 6 6 8 1 1 127 142 100 125 408 64 33 14 46 73 53 20 3 1 2 1 2 6 3 1 5 4 1 1 1 1 2 15 12 10 4 2 2 1 1 1 1 2 1 1 1 16 13 9 2 1 1 6 4 4 1 2 2 1 2 2 3 5 8 3 1 3 1 1 915
2 1 2 1 3 25 2 4 4 3 3 2 3 1 1 1 1 1 293 264 83 3 4 1 1 1 2 4 1 1 2 1 242 154 516 7 18 46 21 12 37 57 3 1 2 1 1 1 1 1 1 36 9 12 1 10 3 2 3 2 5 7 4 2 1 1 1 2 1 1 1 1 19 10 1 3 3 4 7 2 1 3 3 3 2 3 1 4 6 6 13 1 3 1 1 1
8 2 5 2 30 2 1 4 11 7 6 5 3 1 2 1 1 1 222 384 98 13 4 4 1 1 1 2 4 1 2 75 165 679 1 2 1 2 37 25 29 56 61 7 1 1 16 1 1 1 39 2 23 21 40 23 19 4 2 3 2 3 3 1 1 1 1 1 7 1 1 3 20 1 2 1 1 5 7 1 1 3 7 3 5 3 2 2 27 20 4 6 1 1 1 1041
1 10 3 1 1 34 1 14 11 6 2 2 3 2 3 1 3 1 165 435 104 28 8 4 1 1 1 3 9 1 1 94 382 449 3 2 2 1 12 15 17 26 67 46 34 49 17 23 1 1 48 1 14 12 2 9 14 16 8 7 5 2 2 2 1 1 1 2 2 11 1 1 2 17 1 1 3 9 5 3 1 5 13 6 1 7 2 2 40 4 4 3 2 1 2 1223
8 1 1 1 1 36 1 1 22 11 6 3 1 5 7 1 1 4 330 39 304 1 23 4 1 1 1 2 13 1 1 1 529 433 1 2 5 10 12 8 4 15 38 60 80 50 66 49 78 77 14 22 7 2 1 3 5 10 8 5 7 5 3 1 1 1 1 1 1 1 13 6 14 1 1 1 9 17 8 3 1 1 13 8 39 42 31 42 1 2 1 1 1 1 1 1
1 1 1 28 39 2 1 1 39 6 3 3 3 1 10 1 2 3 1 470 185 1 2 27 20 1 1 3 1 16 1 21 1 991 35 55 17 14 7 3 3 1 1 2 16 4 22 15 1 1 13 8 6 5 4 3 2 6 3 4 2 4 3 1 1 2 1 2 1 5 1 5 6 1 1 2 1 1 25 6 1 1 1 34 40 1 15 1 1 6 1 1 1 1 1 1
55 24 43 14 1 1 24 42 3 1 2 1 3 2 10 3 2 1 1 1 580 79 1 1 13 30 5 1 1 2 18 1 1 1022 28 10 41 8 7 6 2 1 1 1 1 1 9 1 2 1 1 1 1 2 2 1 1 1 3 1 1 1 1 1 2 2 2 3 11 4 2 2 1 1 1 1 1 1 1 31 3 2 1 1 81 13 1 1 11 2 1 2 1751 2623 1744 2607
5 33 3 1 1 1 47 1 3 1 1 6 5 5 9 1 6 3 1 6 629 1 41 1 1 7 42 1 2 2 1 1 1024 1 3 1 23 3 7 10 9 1 4 4 2 1 1 6 2 1 1 1 1 2 3 1 1 1 2 1 1 1 2 1 3 5 2 16 3 2 4 1 2 1 6 6 1 2 18 1 20 9 1 1 94 13 10 15 2 1 1 2339 876 1 877 8
1 2 1 2 1 15 31 6 7 1 1 44 34 16 16 10 1 1 3 1 1 673 1 1 1 1 7 46 22 3 1 1 1037 9 1 2 1 19 13 5 8 13 5 3 1 1 1 1 1 2 3 2 1 3 5 2 5 5 4 1 2 1 5 3 1 8 1 19 1 8 1 1 4 6 1 7 20 20 1 5 7 5 15 72 56 5 8 2 2 1 1 2633 1 1 1 1
1 1 2 37 43 52 21 1 10 1 47 1 1 21 3 1 2 1 1 1 675 1 1 2 2 1 1 60 1 1 1 1 1056 16 9 6 3 4 5 4 2 1 2 1 1 1 1 2 4 5 1 2 2 15 11 4 8 6 7 7 3 3 6 1 2 7 8 14 22 1 2 1 1 1 4 2 20 20 7 5 1 7 57 1 61 19 6 2 1 1 1 1757 880 2 1 1
2 1 50 25 20 4 14 6 1 56 1 1 1 1 2 1 1 1 1 228 451 1 2 5 1 1 1 37 26 3 1 1 1078 25 17 16 10 5 3 2 1 1 2 1 1 1 1 1 13 3 1 2 50 24 26 26 19 7 2 1 4 5 5 1 1 4 2 22 21 3 1 1 1 1 4 2 33 21 4 3 1 2 26 85 1 40 5 1 1 1 1 1040 1922 84 1 1
10 22 47 19 2 1 1 1 59 1 1 1 1 3 1 2 1 1 2 2 638 67 3 5 1 1 1 32 28 11 1 1083 5 1 25 25 7 5 4 2 2 1 2 1 1 2 1 142 126 2 1 54 1 20 1 1 8 5 3 4 1 9 5 1 3 6 2 47 1 2 1 1 1 1 3 6 5 52 2 3 2 5 33 83 41 17 1 1 1 1 162 2477 105 19 2 1
37 58 9 1 2 1 27 61 1 1 1 2 5 3 1 4 1 2 1 2 443 251 7 1 1 1 2 30 29 14 1090 1 1 20 3 18 19 15 1 3 3 3 1 2 156 151 147 1 1 123 115 1 2 3 1 10 8 10 11 10 11 1 3 4 9 1 1 50 2 2 2 2 2 1 3 3 7 60 2 4 3 11 59 48 45 16 1 2 1 14 2648 1054 5 1 1 2
73 25 9 4 1 1 50 27 3 1 1 4 9 4 4 3 3 3 1 2 594 220 4 4 1 1 1 29 32 1111 7 10 32 37 26 26 19 7 32 5 3 2 1 159 1 1 2 1 4 1 1 57 1 8 17 9 13 8 8 6 2 1 2 1 16 1 1 31 23 3 1 5 2 3 4 2 6 1 62 33 4 36 48 39 64 25 58 183 384 2654 1 1 4 2 1 15
95 9 4 3 11 52 8 12 2 1 1 1 22 11 6 3 10 1 1 2 712 3 2 3 1 1 1 1 1176 3 182 15 121 53 10 12 45 72 123 164 1 91 148 62 26 1 2 1 1 2 2 4 48 4 27 12 6 4 3 3 1 1 1 12 1 10 7 18 41 1 1 2 8 1 6 5 1 8 21 29 47 27 62 43 287 135 150 299 431 1217 935 2 6 2 3 48
2 1 5 10 17 31 14 13 5 1 1 11 19 1 3 6 62 1 1 717 3 1 1 5 1 1 475 1178 1 187 2 171 67 39 77 88 82 77 29 1 161 68 19 12 1 3 1 2 1 1 1 1 2 34 6 9 6 4 3 2 1 2 9 7 6 1 17 54 1 1 1 1 5 9 13 5 2 4 12 33 46 74 3 373 164 269 296 379 255 822 1144 10 3 2 27 1
1 15 18 17 28 20 22 16 5 2 1 33 3 3 1 29 146 321 719 1 1 1 4 7 1 1 516 776 189 3 5 9 29 58 46 32 28 19 11 1 1 1 10 5 4 1 3 1 1 1 1 1 1 3 1 1 3 2 2 1 2 5 10 4 4 5 62 18 1 3 1 2 2 7 2 17 5 5 7 17 25 70 440 864 700 705 287 144 236 1456 780 34 16 20 1 174
11 18 7 6 12 28 16 21 7 1 35 1 3 1 1 1 170 571 2 1 1 1 14 1 1 1 1422 127 91 29 7 8 8 17 17 18 18 10 2 1 1 1 1 18 4 2 4 2 1 2 1 1 3 6 2 2 1 2 1 1 6 1 10 14 5 3 69 7 4 3 2 3 8 2 8 12 10 5 7 22 40 181 1151 1179 849 727 1378 1932 1613 987 361 320 108 1 224 121
17 15 12 21 35 22 12 23 8 37 1 5 1 1 2 62 841 10 1 1 1 16 1 1 1 1424 1 2 37 3 4 3 1 3 1 1 2 2 2 1 1 1 4 1 32 13 8 4 3 1 5 3 11 2 3 2 2 1 2 6 3 4 4 12 16 9 46 26 4 6 2 4 10 3 6 13 7 9 5 33 75 564 1972 1688 1241 1440 1131 807 951 146 100 8 217 335 251 1
23 20 7 43 26 14 28 2 18 13 7 3 3 1 14 914 172 258 107 790 325 253 1 1 1437 959 1 1 1 23 4 1 1 4 2 1 5 4 1 1 2 5 1 1 39 1 2 1 1 7 5 1 13 3 2 2 2 4 7 6 3 2 7 9 9 46 34 10 19 17 3 13 1 6 9 1 16 19 23 58 280 2783 746 114 129 11 11 16 11 91 12 15 35 1 24 25
40 8 17 44 10 13 6 18 18 10 8 3 31 140 930 23 552 707 1234 957 631 579 962 1441 1 1 6 1 1 4 13 10 7 8 7 7 1 3 2 3 3 6 6 14 28 2 3 2 1 1 41 2 18 6 2 2 3 9 5 3 4 7 17 6 5 8 71 5 8 17 9 2 15 10 1 8 9 2 1 5 3325 341 46 27 10 11 14 6 12 16 9 1 1 1 1 12
2 21 21 35 11 11 9 17 17 19 22 90 218 817 279 1009 643 570 214 1 575 689 482 1 1 1 2 2 1 3 2 1 3 10 3 1 1 6 4 3 3 11 8 1 52 1 3 1 1 44 1 28 8 2 2 2 9 10 4 1 1 5 24 4 4 14 42 45 27 11 11 19 9 1 11 11 5 3 2 3480 180 7 12 8 3 4 4 14 3 1 14 8 12 10 6 1
16 19 1 24 33 9 17 16 33 45 175 487 1274 911 1394 474 444 38 80 1 1 1 254 1 1 1 1 1 1 1 2 7 13 2 1 1 11 2 2 5 5 12 12 62 17 55 48 1 125 79 1 13 8 15 3 2 26 9 4 1 1 3 26 9 17 23 1 30 31 32 6 27 3 4 14 10 2335 2850 4288 537 156 142 12 4 5 3 1 3 10 4 6 7 1 2 1 1
21 8 19 15 38 2 28 6 33 373 964 1497 666 817 166 13 43 87 3 3 1 1 59 1 1 1 2 1 1 2 15 15 2 1 1 1 1 15 3 9 8 10 53 61 48 28 52 127 1 1 77 10 16 1 23 30 3 7 2 1 1 30 1 1 33 6 5 37 27 5 39 20 6 20 4 4836 2922 2250 1140 1184 957 373 32 3 3 5 1 1 5 5 1 1 1 1 1 1
20 13 14 17 32 22 10 24 406 370 1519 631 240 74 55 11 11 3 1 2 1 1 56 1 3 2 2 3 1 10 19 3 2 1 1 1 1 10 24 8 5 24 149 84 62 43 47 1 1 1 6 45 1 21 12 2 1 2 1 8 11 21 1 2 2 40 2 44 1 23 1598 28 27 2 7198 2356 1892 1952 1 893 606 677 122 3 1 3 3 2 1 2 3 1 2 1 1 2
18 22 12 18 32 19 15 319 1057 1696 248 180 42 2 5 3 2 2 2 1 1 2 1 51 8 5 2 3 1 32 2 1 1 1 2 2 3 3 31 4 64 161 33 29 30 29 2 2 1 1 7 1 35 10 3 2 1 1 17 12 10 7 14 8 14 28 17 31 7 4639 3 3079 3842 7259 1 14 119 115 1536 1250 570 1291 231 4 2 2 2 1 1 1 1 1 6 1 2 19
10 31 13 19 53 60 202 312 1926 543 148 9 1 3 4 5 4 3 1 1 1 1 5 5 28 7 1 6 1 34 1 1 1 2 1 3 176 253 137 158 222 148 41 8 1 3 3 1 1 1 3 2 1 11 5 2 1 1 23 8 1 1 10 18 18 7767 7743 3862 7690 1 6052 3130 2762 3129 314 80 110 50 629 1725 41 344 1735 686 10 1 1 1 1 1 1 2 6 4 7 23
17 16 25 68 59 67 1439 2118 133 4 7 8 5 4 6 5 4 4 2 2 1 1 3 1 5 18 9 2 1 1 39 2 2 1 3 76 190 1 105 103 11 13 9 3 4 3 2 1 1 1 2 1 1 6 1 1 1 20 15 2 3 2 11 18 7785 1 1 4815 2 3043 12 1375 945 67 2 258 154 339 346 884 1931 1660 1974 1572 6 9 1 1 1 1 1 1 7 8 12 466
15 16 88 59 36 1961 759 444 47 11 8 8 9 11 12 8 6 5 5 2 3 2 1 1 3 4 7 1 1 1 1 42 13 12 24 112 136 1 1 55 19 20 26 26 21 5 5 4 2 1 1 1 1 3 2 3 4 28 1 12 9 6 14 7801 1 1 1 1 4 15 22 2 1 1 5 6 138 44 115 231 402 280 1 3137 1 1 6 2 1 2 2 6 1 13 202 3222
15 63 95 162 2045 218 392 18 9 10 9 10 11 14 7 4 6 3 2 2 1 1 1 1 1 6 1 2 1 1 5 28 30 18 1 255 1 1 58 2 2 4 9 5 10 16 11 8 7 1 1 1 1 2 1 1 3 4 39 40 11 11 7813 1 1 1 1 4 9 1 50 1 2 1 4 1 19 28 34 96 281 800 1 1 3918 2 1 3 1 3 8 4 7 90 3348 3
32 57 734 1475 1415 406 8 4 1 5 13 8 1 22 13 12 9 3 3 2 1 2 1 1 1 4 1 1 1 1 3 21 68 25 106 151 1 1 63 2 1 1 1 2 1 2 3 3 1 10 7 2 1 1 1 2 1 5 1 11 56 3247 4582 1 1 1 5 8 23 17 1 48 43 2 19 17 11 5 2 2 2 1 798 787 1 3914 3 1 1 1 1 14 43 3411 6 2
93 621 1381 1228 362 68 10 7 8 9 17 17 27 5 4 1 2 3 1 1 1 4 3 2 1 1 1 1 1 3 12 4 102 64 92 127 1 69 5 4 3 2 1 3 3 5 7 6 7 1 2 1 1 1 1 1 3 1 1 1 1 3302 3244 1343 2 1 10 46 9 2 2 2 1 39 4 5 5 5 2 1 1 1 7 3 1 1 3910 4 1 2 1 1 3471 1 1 2
225 1312 1452 408 40 37 31 16 6 7 27 15 4 2 1 1 5 4 2 3 5 4 3 2 1 1 1 1 2 4 11 36 54 73 203 23 30 48 9 8 9 8 5 2 6 10 4 3 1 2 1 1 1 2 1 1 2 4 1 7 3313 1 1 4592 1 1 69 13 16 1 1 1 1 5 11 5 5 4 2 1 1 3 1 2 1 1 3381 524 6 1 1 2 2038 1439 1 1
1482 1855 524 66 88 89 27 26 40 37 8 4 5 2 1 8 3 2 5 9 6 3 6 3 2 2 1 1 2 8 17 35 56 131 172 45 67 30 6 2 16 12 31 26 18 2 5 2 1 2 1 1 2 3 1 1 2 1 6 1 2 3316 1903 2691 1 30 55 22 41 1 1 6 3 6 4 3 5 3 2 1 1 1 1 1 1 2740 932 226 2 1 2 1 1 3480 1 3
3449 572 271 230 140 96 59 32 19 11 8 6 3 8 9 1 10 15 19 8 2 2 20 2 2 2 1 1 1 12 21 37 73 143 160 33 1 7 18 31 25 21 3 5 8 6 2 1 1 1 14 9 6 1 1 1 3 2 1 3 1 2732 5181 1 17 99 16 2 1 39 24 10 3 4 7 1 1 3 2 1 1 1 1 1 1645 1482 764 1 1 1 5 1 1022 1442 1021 33
252 260 205 156 152 112 79 3 14 8 4 6 7 4 3 5 18 11 7 7 13 22 1 10 8 2 3 1 2 16 26 44 84 148 177 46 42 55 30 19 13 6 4 6 10 2 1 1 1 16 1 1 1 2 1 2 7 2 3 1 2 7916 1 18 144 21 9 2 2 11 10 13 11 4 1 5 1 1 1 1 1 1 5 309 975 2600 1 2 1 1 1 6 1026 1445 1094 46
118 170 234 241 228 227 115 156 135 48 26 6 17 14 1 8 30 19 10 7 1 14 1 11 7 13 5 1 1 20 32 51 110 315 35 27 23 5 20 4 7 9 9 4 1 8 2 3 6 12 1 2 5 1 1 3 12 1 1 5 7922 1 9 226 54 28 9 1 1 7 2 3 8 8 3 5 4 2 1 1 4 7 17 152 668 1531 1506 1 1 1 1 3 1203 2404 47 39
