BTP Project Sonu Giri/Code/Semester-2 (using GRASS GIS)/Code/code version 2.0/Output_single_H_with_erosion/H_85/flow_accum.asc
north: 4928050
south: 4902450
east: 609000
west: 583400
rows: 512
cols: 512
null: -9999
[rows 402 to 468 of 512, columns 288 to 383 of 512]
4 4 15 10 11 10 9 1 1 1 7 18 30 1 1 23 52 246 108 2 2 3 1 7 4 2 4 3 1915 7961 1 7971 6 1 5 1 1 1 3 19 1 20 1 1 1 15 17 213 248 406 76 1 2 18 11 3 2 1 1 20 2 1 1 1 2 2 2 3 9 6 170 398 463 276 100 684 213 185 189 188 174 148 118 122 123 155 163 170 130 27 31 51 39 77 88 125
10 20 6 10 9 12 4 1 1 1 1 5 11 39 50 34 1 1 312 47 7 1 1 1 12 3 695 176 8958 8703 8614 5 1 1 1 2 1 1 2 1 31 1 2 1 6 14 10 15 8 1 372 374 94 57 28 12 3 1 1 24 2 1 1 3 1 1 2 7 1 2 5 564 555 228 61 16 478 200 188 209 234 227 175 63 62 13 7 58 102 30 30 24 51 43 64 102
25 12 4 5 18 4 1 2 1 1 2 1 3 8 1 2 1 2 199 152 18 4 1 5 7 1358 934 3755 9321 5626 5 2 2 2 1 1 1 1 1 1 26 4 2 3 5 7 15 8 8 6 22 50 267 120 31 38 23 3 1 1 27 1 6 1 3 1 4 1 2 3 6 700 509 182 9 10 20 290 158 155 205 230 288 270 4 22 16 51 74 75 40 45 36 51 19 79
7 11 11 21 2 3 3 2 1 1 4 1 1 1 1 1 1 1 1 295 73 11 4 1 1708 544 645 4773 8937 1886 8 7 7 5 2 1 1 1 14 20 2 2 3 1 6 3 4 12 9 3 7 27 159 145 9 11 26 20 11 15 1 18 5 2 4 1 1 1 1 2 15 1288 594 13 6 5 16 27 120 77 7 1 41 282 133 39 29 17 34 76 30 58 63 73 43 50
21 7 8 5 13 8 6 4 2 1 4 3 2 1 1 1 1 2 1 205 178 2 1 1863 253 111 2134 11848 1 13 13 10 7 6 7 1 1 11 2 2 1 2 2 3 2 4 1 9 10 2 5 20 181 152 7 14 12 12 16 1 1 9 28 4 5 2 1 1 1 1 1233 197 27 8 3 7 1 46 46 2 10 1 9 182 155 60 40 16 33 19 61 40 62 89 92 52
6 15 20 24 3 7 3 2 1 1 1 8 3 2 1 2 3 2 1 385 1 1 1931 111 20 912 13184 8 10 2 3 3 1 1 1 2 3 4 2 2 1 1 1 1 2 1 1 12 3 3 2 9 80 214 48 6 2 1 1 7 1 1 6 38 32 1 1 2 1 1 1374 1 1 4 6 9 12 22 5 43 6 12 55 80 170 69 80 17 11 19 26 17 25 32 99 76
1 18 11 2 8 4 1 1 1 1 3 9 6 2 3 2 316 306 387 1 2 1983 48 4 383 14002 297 205 10 6 2 1 1 1 1 1 3 3 1 1 1 1 1 1 1 1 5 8 1 1 3 1 26 267 42 1 1 1 4 1 5 9 9 7 23 50 1 122 303 307 1269 1 1 3 5 7 6 8 6 6 36 35 12 46 187 73 101 46 3 18 13 20 14 26 69 54
7 20 5 4 6 1 2 2 1 3 1 1 17 1 4 369 72 98 1 2 1986 1 2 161 14606 271 355 501 476 23 2 1 1 1 1 3 2 2 2 1 1 2 1 1 2 3 3 3 5 1 1 1 1 60 226 290 1 1 2 1 5 3 2 6 8 15 288 173 6 1 9 1057 1 1 10 2 5 5 6 5 11 23 42 24 131 99 84 81 28 16 16 12 20 17 58 53
28 10 6 7 5 3 3 5 5 2 1 4 7 11 985 15 16 14 5335 10652 1 1 1 14770 1 106 1 1 650 100 8 1 7 3 1 5 1 2 1 1 1 4 1 1 13 4 2 2 4 1 1 1 16 6 87 2 288 1 1 2 4 2 2 2 1 219 6 1 8 10 947 36 82 12 14 5 5 1 3 8 5 9 20 66 63 105 58 76 60 18 19 15 15 34 29 36
21 1 12 10 7 6 7 5 1 2 3 4 6 1284 249 1104 3566 10672 7997 1 8662 14785 14783 10 1 5 1 1 1 609 680 16 6 10 5 5 2 1 2 1 4 3 1 30 14 8 3 2 4 1 2 7 11 2 2 1 1 285 1 1 1 3 5 7 91 112 35 23 4 9 9 922 168 14 6 15 2 3 2 6 6 5 9 49 73 106 73 64 34 25 19 30 7 30 41 48
18 3 21 7 1 6 7 3 1 3 5 3 1652 1089 1 13055 11542 1 1 1 6131 1 1 1 8 1 3 1 1 2 1 669 8 1 11 4 3 2 2 3 31 19 32 2 2 8 8 6 4 3 3 5 7 2 1 2 179 152 66 1 1 3 2 5 103 109 18 38 7 17 12 943 375 13 15 6 11 4 2 5 4 5 6 16 80 92 107 54 31 10 4 7 24 6 22 40
21 25 4 4 7 7 6 2 2 2394 756 1687 182 7596 13678 1 2658 6198 1 6133 1 5 1 1 1 1 1 1 1 1 1 178 481 9 4 1 4 2 2 41 15 11 14 3 3 3 2 2 3 2 3 2 3 2 1 3 54 167 1 52 1 3 4 5 7 126 36 44 15 53 892 113 6 7 9 10 9 4 3 3 5 2 7 11 23 117 157 19 24 10 5 3 11 5 10 17
40 178 475 1770 2325 1984 876 41 16952 15147 16687 275 10909 10144 4592 3106 2660 1 6196 1 1 11 11 9 4 2 1 1 2 2 1 128 246 277 1 6 1 2 37 35 14 18 14 4 3 2 1 2 1 2 3 1 2 2 1 2 13 138 213 3 1 2 2 5 4 10 111 110 95 204 738 136 59 20 10 10 8 3 2 1 4 3 3 14 16 78 210 78 5 15 8 3 7 10 7 10
996 2754 3575 3659 3480 5923 9524 17159 467 2095 31 15965 10376 926 3 2 2 1 1 59 43 29 11 13 12 2 1 2 1 2 55 79 86 426 2 1 75 77 8 124 14 13 9 3 2 2 2 1 1 1 1 1 1 1 1 2 16 34 22 200 1 3 4 2 1 7 27 118 192 240 557 129 16 25 14 16 10 3 2 1 1 1 3 11 24 105 59 139 10 13 6 2 4 7 11 7
5073 3852 2140 2806 3540 5697 5630 3570 1 6 1 24 128 6 8 5 1 1 3 9 6 3 15 2 8 9 6 1 1 1 1 164 32 57 380 173 85 69 131 4 97 53 20 13 6 4 2 1 1 1 1 1 2 1 1 1 27 2 35 57 154 10 3 1 1 1 42 139 218 433 471 43 30 13 5 11 14 6 3 1 1 1 5 6 21 57 116 44 85 27 5 2 1 4 5 12
4852 7561 3971 3194 4605 4621 3307 3 5 11 4 31 1 1 3 6 7 4 1 8 7 4 3 6 3 1 2 1 2 1 146 19 20 50 71 148 111 71 4 1 14 60 25 28 3 5 3 2 1 1 1 1 1 4 3 3 24 1 4 62 175 36 3 3 1 16 36 160 464 440 146 55 7 18 16 10 8 6 5 1 1 1 1 5 12 50 136 53 41 64 3 2 2 2 2 7
4113 4742 1459 801 5963 2922 500 49 45 22 34 2 2 3 1 2 1 1 1 1 7 10 1 3 1 1 1 2 1 126 18 22 9 52 108 27 38 52 17 2 2 2 46 41 55 2 1 3 2 1 3 1 1 2 9 17 7 1 1 9 19 160 101 9 1 26 1 333 648 247 31 44 7 13 3 17 13 2 4 3 2 1 1 1 15 20 54 221 1 12 57 1 1 1 1 8
1 1 4417 2541 4530 159 15 1 3 17 1 2 4 6 4 4 6 5 2 1 1 1 8 4 1 1 1 6 114 3 27 13 11 58 91 23 11 51 33 17 5 4 4 27 44 117 2 3 1 1 1 6 2 2 2 2 1 4 1 2 3 55 195 1 41 33 1 763 238 33 53 25 6 7 11 11 13 16 2 2 2 1 1 1 20 2 2 1 219 26 40 6 1 1 1 9
1481 1 2190 5416 3381 19 5 2 1 1 1 4 24 18 15 10 4 3 4 2 1 1 1 7 1 2 7 21 66 66 20 3 1 40 166 2 4 23 64 12 9 16 18 33 38 1 113 1 3 1 9 2 1 1 9 4 1 3 1 2 1 2 3 192 179 161 287 796 51 84 2 4 20 10 8 8 7 2 11 1 1 2 1 2 15 7 3 1 1 211 95 7 4 1 3 3
2959 1 2912 19 53 47 18 3 5 12 37 34 7 3 2 3 3 3 2 1 1 1 1 5 2 1 3 10 31 34 73 1 5 1 1 164 14 1 1 60 26 12 7 29 2 1 1 108 103 1 1 38 1 1 30 17 17 13 16 1 1 2 2 2 1 50 293 730 274 1 2 3 3 12 11 12 10 12 13 1 1 2 6 5 6 9 5 1 1 260 4 3 6 4 1 1
1 2957 39 11 10 47 64 58 52 36 2 3 1 3 2 2 1 1 1 1 1 1 1 1 1 1 2 2 19 45 1 68 1 3 2 1 155 54 1 1 33 36 40 6 4 1 1 1 1 100 96 54 75 63 16 11 2 4 1 14 2 4 1 2 1 1 1 1023 316 2 2 2 2 3 3 7 3 6 13 7 1 13 5 2 4 4 6 1 109 103 45 11 2 3 3 1
1 5 3 25 15 11 43 1 6 26 10 7 9 5 6 2 1 2 3 1 1 5 2 1 1 1 1 1 1 3 86 47 4 1 1 2 1 109 159 1 1 12 4 3 1 1 1 1 1 2 1 3 3 27 6 10 10 1 1 18 6 5 4 1 1 3 5 850 409 212 4 1 1 1 1 4 1 1 13 7 18 5 2 1 1 2 7 1 113 126 2 4 11 1 1 2
9 5 4 6 11 8 1 41 34 12 15 14 7 5 3 6 6 5 5 5 7 1 3 1 1 1 1 2 4 1 63 6 43 8 1 1 1 2 1 157 65 2 1 3 3 2 1 2 1 1 1 2 1 4 22 6 13 19 17 2 13 6 4 1 1 2 1 1 1224 2 10 1 1 1 1 2 1 1 31 25 6 3 1 1 1 1 6 1 100 136 2 1 1 10 6 1
4 5 4 4 4 3 3 1 13 12 7 6 8 8 7 4 3 1 9 8 1 6 2 1 1 1 2 2 3 47 2 1 24 43 1 1 7 1 4 76 68 80 1 1 5 3 3 1 2 3 1 1 2 1 4 14 1 2 1 4 5 6 8 7 1 1 1 1217 1 13 37 141 163 1 1 1 1 40 14 15 10 2 2 1 1 1 4 1 122 134 60 4 1 1 3 1
3 3 4 3 2 2 1 3 6 2 5 1 1 1 1 1 1 10 10 8 9 4 1 1 1 1 1 4 41 2 1 1 1 1 41 27 12 13 12 25 63 40 69 15 10 5 2 2 14 3 1 1 1 1 2 3 3 1 1 1 1 3 1 9 1 1 1 38 1176 612 934 898 939 389 282 36 49 8 1 14 8 10 4 5 3 1 2 1 2 172 58 31 1 1 81 14
6 5 4 3 2 1 2 1 5 3 3 1 1 1 49 3 6 39 11 9 5 1 8 3 1 1 1 1 10 22 9 3 1 1 17 1 1 4 4 6 13 49 65 1 2 2 1 1 37 23 15 1 1 1 1 1 2 1 1 1 3 4 4 1 8 5 6 52 1 538 256 173 1 710 535 1045 45 222 37 19 4 7 7 1 1 1 1 1 1 1 153 186 209 158 111 181
12 6 2 2 1 2 1 2 1 2 2 1 1 93 68 112 91 26 20 15 7 3 23 15 2 3 1 1 7 11 11 7 1 1 1 14 9 6 1 4 1 40 75 32 15 1 1 1 73 35 44 51 49 16 28 3 1 1 1 26 15 2 1 1 1 3 6 4 92 2 1 2 1 1 278 10 993 344 223 1 1 2 1 5 6 2 1 1 1 1 53 1 1 49 3 4
5 4 7 3 3 3 1 1 3 1 1 1 104 30 2 1 49 1 19 18 25 27 1 15 7 7 2 1 9 1 1 9 4 1 1 3 3 3 4 4 1 6 89 21 52 1 1 79 2 2 1 1 1 38 4 34 7 18 34 14 5 4 3 2 1 1 5 2 2 88 6 5 5 7 9 10 13 581 807 667 997 976 8 5 6 2 1 1 1 1 1 4 1 7 6 3
1 5 1 9 6 3 5 12 7 8 1 69 90 13 1 2 35 20 17 14 2 1 1 2 9 2 2 2 6 2 1 4 3 2 1 1 1 1 1 1 2 13 38 53 45 87 84 2 1 1 1 2 1 15 27 31 49 26 1 1 12 5 7 3 2 3 1 1 3 27 57 6 7 4 4 9 7 46 1 360 7 74 931 2 1 3 2 1 3 2 1 4 5 8 5 14
18 15 10 5 10 16 13 7 13 15 74 24 39 1 2 5 2 19 6 4 9 5 2 2 3 2 1 2 1 1 1 1 1 1 1 1 1 1 1 1 1 3 1 26 2 4 2 2 1 1 1 4 58 43 11 1 1 14 3 1 1 5 2 1 1 2 1 1 2 1 64 6 4 2 3 4 6 4 5 21 8 32 249 990 1 2 1 3 23 18 12 16 10 9 9 1
123 20 32 32 27 14 16 9 1 19 93 56 52 23 19 12 15 8 5 7 5 6 5 2 1 1 1 1 1 1 1 1 1 1 1 3 4 2 1 8 9 6 1 3 15 5 6 3 1 1 3 66 7 16 29 11 1 1 9 7 1 2 1 1 1 1 1 1 2 32 26 2 3 2 1 1 2 2 1 12 13 1 1 1 988 29 1 49 22 41 34 14 13 9 1 7
46 20 5 2 4 1 5 3 5 5 133 25 8 2 4 6 10 19 6 6 6 1 3 3 3 3 1 1 1 1 1 5 2 1 1 1 8 15 4 16 7 1 5 2 6 2 2 2 2 2 73 7 8 14 30 76 1 1 4 6 16 14 2 1 1 1 2 2 1 52 1 2 1 1 4 4 5 4 2 1 10 4 2 1 2 952 66 25 19 4 8 13 10 13 19 16
33 2 2 1 1 4 1 18 84 143 9 9 2 5 2 2 3 2 15 6 6 5 1 3 2 1 1 1 2 2 1 8 1 1 1 1 36 18 24 3 1 5 5 1 4 2 1 1 1 16 75 2 1 48 34 1 75 1 12 12 3 1 15 5 1 8 5 1 1 1 49 1 1 15 20 11 7 5 1 1 1 7 3 1 1 1 911 5 5 3 3 7 10 8 7 5
333 128 1 1 1 38 7 141 104 5 6 8 7 3 9 6 2 6 2 2 2 4 4 3 1 1 7 8 7 4 1 11 2 1 1 51 10 3 4 2 2 1 1 3 1 1 1 2 1 120 4 1 51 2 2 1 1 72 6 7 6 9 8 15 15 9 6 2 1 1 1 46 25 13 4 8 4 5 5 2 3 2 1 1 1 1 897 1 12 16 4 5 3 2 2 1
285 502 1 2 49 2 150 16 2 8 17 21 9 7 1 3 1 1 3 2 1 1 1 3 1 1 15 3 1 1 6 79 142 19 53 1 1 1 2 2 1 1 1 1 2 1 1 1 154 50 81 22 33 2 2 1 1 1 55 10 7 5 6 7 5 1 4 1 1 1 3 6 24 10 9 6 5 3 4 3 1 2 1 1 1 1 894 5 13 2 12 3 1 1 1 1
1 1 500 95 1 74 67 12 8 15 21 9 13 10 3 1 3 2 1 1 1 1 1 6 2 4 16 1 1 1 87 1 364 394 1 1 3 2 2 1 1 1 1 1 195 1 120 170 24 1 2 62 4 3 1 1 1 1 14 23 9 6 6 1 1 1 1 2 1 1 1 1 16 6 17 22 13 10 4 1 1 1 3 1 1 1 510 380 3 2 6 5 4 3 2 1
1 6 13 382 104 105 76 11 22 37 31 9 15 11 13 4 2 2 2 1 4 1 1 5 4 15 10 1 375 461 429 367 1 74 325 6 2 2 2 5 1 83 203 200 1 191 68 13 1 1 1 4 18 2 1 5 2 1 9 17 9 5 2 1 1 1 1 1 1 1 1 1 41 30 19 11 16 20 11 10 1 16 9 4 1 1 860 15 4 4 3 6 5 4 2 2
1 3 6 20 306 58 28 41 47 17 13 19 8 9 10 10 4 2 4 6 1 1 1 6 15 158 5 461 118 2 1 2 1 1 365 1 2 19 3 77 87 173 2 3 1 1 1 1 1 1 1 1 11 3 7 1 1 1 5 11 6 2 2 2 1 1 1 2 2 3 1 43 2 3 4 1 1 1 12 19 23 1 10 9 2 27 170 653 30 12 9 11 10 6 1 1
1 1 4 9 33 204 34 28 39 16 9 9 7 7 10 12 12 8 9 1 1 1 1 2 382 200 477 14 1 1 1 1 1 1 12 356 135 114 132 90 155 4 6 4 5 1 1 1 1 1 1 2 1 7 4 1 1 1 5 3 3 4 2 1 2 2 10 7 9 8 12 23 17 2 1 1 1 1 6 1 6 8 3 1 5 5 83 323 420 56 29 6 1 23 36 1
1 1 2 3 21 54 136 22 10 9 7 7 8 8 8 4 6 6 2 1 1 1 1 594 209 211 5 8 1 1 14 16 1 26 17 41 203 145 119 76 4 3 1 1 1 3 2 1 1 1 2 2 1 2 3 2 3 1 1 1 1 2 2 1 4 6 12 8 4 1 14 39 3 4 3 2 1 3 9 4 1 1 1 3 1 1 13 261 507 67 26 45 14 226 218 448
1 1 1 21 14 56 66 58 20 6 6 5 4 3 1 3 3 1 1 1 1 2 614 1 1 1 68 21 25 29 37 22 35 5 1 4 94 71 21 3 2 1 1 4 3 1 1 1 1 2 2 5 2 8 5 4 1 2 1 1 6 3 1 3 4 8 21 3 1 6 52 1 2 2 2 1 1 4 15 2 1 1 1 1 1 11 1 1 627 412 284 151 257 124 281 13
1 1 253 177 56 81 122 8 15 15 5 5 5 3 1 1 1 1 3 1 2 618 1 16 1 2 28 34 23 23 8 2 1 6 4 2 1 123 5 10 3 2 6 3 2 1 1 5 2 3 3 9 16 7 3 2 2 1 1 8 1 1 1 4 15 26 3 6 2 39 35 14 10 3 3 2 2 30 7 3 2 1 1 1 4 5 1 1 366 67 314 159 189 155 8 4
1317 1313 431 428 514 123 386 27 25 10 12 5 5 6 7 1 1 163 1 1 625 1 1 1 12 3 5 8 12 4 4 3 1 1 7 1 6 1 113 9 18 9 5 4 1 7 7 1 1 2 1 15 23 14 8 2 2 1 8 4 1 2 4 1 30 22 11 7 26 23 34 3 8 10 2 1 34 8 10 11 1 1 3 1 1 4 3 111 157 258 397 93 144 7 4 6
2 1 625 432 676 1081 96 707 41 76 33 32 5 7 15 56 332 316 630 628 4 3 1 1 1 7 5 1 1 3 2 2 1 1 4 3 1 1 96 15 13 18 1 6 10 4 2 1 1 5 1 20 25 1 4 3 2 4 8 2 3 1 5 34 5 15 6 16 27 48 3 5 4 5 19 69 48 22 13 13 22 2 4 1 1 2 3 43 1 1 1 344 5 5 6 3
3 3 9 234 1 27 970 1244 203 140 190 127 192 567 533 407 254 158 1 2 1 2 1 1 1 3 1 3 2 2 1 1 1 2 3 2 1 1 1 85 1 1 14 9 8 4 1 1 1 2 14 19 23 1 1 2 3 4 7 6 1 5 11 29 9 15 10 58 102 52 9 7 4 6 65 4 7 9 3 4 1 19 12 2 1 1 1 7 4 1 1 71 263 3 1 7
1 1 1 14 41 1 16 1 1173 652 558 431 429 9 101 136 109 74 11 4 2 1 3 1 3 1 1 2 1 2 3 2 1 1 2 1 2 4 72 8 12 1 18 15 11 4 4 1 1 1 17 25 21 1 2 1 5 3 13 8 3 5 392 352 81 71 24 187 57 63 116 9 22 73 4 2 3 6 5 1 1 1 6 2 1 1 1 2 4 1 1 1 275 51 3 226
1 1 1 2 35 35 2 9 573 448 528 834 9 20 1 28 15 34 7 6 4 3 1 5 1 1 1 5 6 3 1 1 1 1 1 2 5 35 26 2 1 30 1 14 4 2 1 1 1 1 1 41 20 9 3 3 20 15 1 7 3 1003 631 572 1019 134 245 39 44 38 6 106 85 5 5 4 1 1 4 2 1 1 1 3 1 1 1 1 1 2 31 24 9 254 232 12
1 2 1 1 1 57 3 8 55 124 87 1 722 10 14 2 16 19 21 11 6 7 10 5 2 2 3 9 2 1 1 1 1 1 1 5 10 16 26 1 23 1 9 1 4 2 1 1 1 1 1 1 57 14 389 27 8 1 9 2 1635 628 575 595 663 1246 230 23 19 13 14 13 17 17 5 5 9 1 3 1 1 1 1 2 1 1 71 100 1 50 9 13 14 29 105 7
3 1 1 1 633 65 56 23 13 16 2 2 702 9 7 7 16 17 88 9 4 8 1 1 12 15 13 2 1 1 3 1 2 1 3 1 8 4 24 26 1 1 1 1 1 2 1 1 3 1 1 19 31 1897 715 1253 1 11 1 1638 1 1 114 2 3 45 1011 1091 39 37 12 17 14 10 9 5 1 7 2 2 2 1 1 3 1 115 40 7 97 21 13 6 8 23 37 19
1 1 1 679 81 576 168 5 16 7 3 2 2 692 1 201 118 147 99 11 19 7 2 4 30 20 22 2 2 2 9 5 1 1 1 4 1 2 5 2 1 1 1 1 4 3 3 1 1 5 13 22 1923 1 766 916 1768 966 1641 1 1 1 95 61 7 22 61 22 1063 93 90 49 14 13 10 1 1 1 8 2 1 13 5 1 118 2 5 4 29 20 15 7 8 25 34 9
117 289 714 28 1 322 475 130 27 9 3 2 1 4 686 12 69 5 1 90 52 40 55 52 37 7 1 19 9 12 3 2 1 1 1 1 1 1 1 2 1 1 6 6 2 4 1 1 1 1 1 1960 1 1 1 61 1 797 732 2 1 7 51 15 52 57 15 149 781 538 202 121 32 25 8 33 1 1 85 42 67 68 63 94 88 1 1 10 21 28 30 5 1 19 30 24
61 577 15 35 50 57 396 417 140 1 1 1 1 452 26 24 8 6 4 25 19 17 2 1 6 1 1 9 6 9 3 1 1 1 1 1 1 1 1 1 1 15 3 1 4 1 5 2 1 205 813 1154 2 1 1 59 1 27 55 101 7 6 27 25 49 3 87 153 255 338 523 342 177 194 18 486 420 375 114 31 14 1 117 41 10 8 10 3 19 28 48 39 18 1 28 39
763 14 35 20 27 91 214 408 648 1 1 1 439 15 1 39 9 9 9 12 4 1 1 1 1 2 1 2 2 6 2 2 1 2 6 1 1 1 1 6 18 1 8 6 1 1 1 90 206 263 1592 1 3 1 57 1 1 3 4 8 95 45 27 12 11 54 24 99 194 178 298 523 685 408 745 193 180 148 362 344 315 352 483 162 1 6 2 4 43 29 5 94 92 60 1 25
55 56 12 38 102 122 160 288 393 976 974 1 74 396 70 66 11 6 11 12 3 1 1 1 1 7 6 5 9 2 1 1 1 1 9 1 1 2 1 11 17 6 3 2 1 2051 560 42 555 1294 655 4 1 1 2 54 9 5 6 8 24 87 11 22 17 36 87 45 62 176 170 123 253 338 127 282 226 505 407 519 360 515 352 716 1 146 1 16 101 63 92 35 64 67 138 106
1705 186 233 101 117 55 51 48 1 7 1 971 1 363 32 102 1 7 1 15 2 1 1 1 15 1 1 2 11 2 1 2 1 6 7 1 2 4 1 547 453 6 1 1 2060 7 1485 1095 1258 1143 123 1 1 1 1 7 34 11 5 2 1 6 79 33 12 7 5 79 94 111 141 92 40 2 86 84 151 5 3 6 173 53 6 14 712 609 565 481 317 132 56 65 95 130 89 54
1 1621 452 516 15 10 15 7 3 56 66 840 429 257 105 1 101 13 20 1 12 1 25 21 6 1 1 1 18 6 6 2 2 8 8 1 2 1113 1310 912 856 1532 1 1 2106 21 23 827 492 20 2 2 1 1 1 2 10 19 10 8 6 9 5 72 21 3 3 10 9 49 74 256 53 1 7 1 5 1 7 6 14 10 4 9 50 89 107 133 147 122 81 91 86 68 97 142
1089 1 1 194 308 10 8 19 63 33 60 446 1394 1 1 209 242 1 1 19 12 28 3 3 1 4 1 9 15 3 1 1 1 18 1 1 1763 969 699 773 889 1094 2185 2169 66 4 41 6 9 6 7 1 1 1 1 1 7 11 8 3 4 6 18 1 73 2 4 7 1 2 1 1 235 262 257 237 134 13 8 10 8 7 4 1 25 69 288 4 30 120 65 54 33 28 12 35
418 450 1 1 654 105 16 23 54 870 377 1245 1971 3362 277 514 828 1 1 2 20 2 2 2 1 1 4 11 14 2 4 4 8 7 8 2040 413 1 227 1 1 1 1 36 1 97 27 12 7 2 1 3 1 2 1 1 2 4 7 6 2 1 2 20 56 22 2 4 7 5 4 1 17 5 10 48 157 80 31 20 1 1 6 3 2 2 2 286 5 15 79 57 64 62 56 17
721 589 1 549 882 579 526 765 1034 316 1275 1052 1 1 3222 1448 1705 3306 773 13 2 3 1 1 1 1 1 14 12 6 211 4 5 846 2088 145 1 177 67 2 3 1 1 1 34 7 86 92 1 1 1 1 1 1 10 6 7 4 9 6 1 2 1 5 51 20 15 1 2 1 1 4 13 3 1 13 128 101 144 50 1 1 2 3 1 1 1 1 281 4 42 28 1 39 33 55
4 798 804 506 18 790 1049 666 636 577 717 177 1 4 1 2181 931 297 2452 1850 2 2 1 1 1 1 3 22 9 443 674 1016 284 1671 21 606 92 10 37 15 7 6 1 13 4 10 28 55 78 1 1 119 21 23 10 5 6 9 8 9 9 2 3 5 17 44 19 21 1 1 1 4 6 7 6 8 32 69 89 189 148 1 1 1 4 1 1 12 163 251 20 28 46 74 107 88
1 2 527 3 321 106 1 315 360 577 37 1 1 1 4 1 254 1 1183 2319 1 1 1 1 3 2 29 3 476 1127 1696 1329 2168 378 636 23 58 1 1 1 7 5 9 2 10 4 8 1 131 1 123 1 95 15 18 17 13 5 1 7 4 11 7 2 1 40 43 42 60 1 1 9 9 3 4 6 6 7 2 2 146 203 1 44 33 21 18 3 8 4 241 33 58 29 31 46
1 1 2 1 1 1 202 335 300 8 9 2 1 1 2 2 1 1 2 2851 1937 2322 3480 1 1440 1 1 168 1712 1589 1 1 3 4 1 29 1 1 28 5 2 2 1 1 3 1 1 1 1 128 1 2 1 73 15 1 5 4 6 4 6 1 3 2 1 7 2 2 2 57 18 1 12 17 7 4 9 5 4 4 16 53 179 10 22 10 20 2 2 7 11 208 50 29 20 23
1 1 1 1 1 1 437 263 180 9 6 5 3 1 1 1 1 1 1 3 1555 1163 1 3477 2033 3461 1 1 2582 8 1 1 1 4 3 1 27 44 1 23 2 1 1 9 7 4 2 1 1 2 1 1 1 43 53 36 5 4 3 3 1 2 1 1 1 1 4 2 1 4 43 40 34 24 32 28 6 11 1 1 1 1 125 169 17 26 46 3 1 1 6 30 154 58 35 35
1 1 1 4 1 1 592 77 4 8 6 6 4 3 2 2 1 1 1 2 3 1 1 3 4 7 3455 3442 329 1 8 2 3 1 6 1 30 1 20 36 2 1 11 1 2 2 2 1 1 1 1 1 3 1 1 55 2 2 3 1 3 3 3 1 1 1 1 1 1 1 5 1 5 4 11 11 39 11 22 1 1 1 2 27 143 12 14 39 21 29 6 28 63 70 60 84
1 1 2 5 3 1 412 236 5 9 8 8 4 4 4 4 3 2 4 2 3 1 1 1 1 14 1 10 688 981 207 20 21 15 1 32 1 9 1 1 33 28 19 6 2 2 1 1 2 1 1 1 2 1 1 1 52 4 5 8 8 7 6 4 5 2 1 3 1 1 1 1 68 5 13 15 2 62 61 82 80 1 1 11 100 88 32 21 14 4 24 10 26 54 64 29
1 2 6 4 21 114 402 224 16 14 15 12 5 2 4 3 6 6 10 9 2 2 1 1 11 1 1 1 38 26 752 471 14 17 31 13 1 2 3 2 4 5 6 3 4 1 1 1 2 5 1 1 1 6 2 1 1 46 17 7 8 7 5 3 2 2 2 3 1 16 35 71 1 64 58 7 44 57 70 105 137 92 5 222 168 41 65 4 2 1 9 4 3 5 10 13
1 1 7 6 89 185 446 8 8 12 10 10 9 12 21 20 15 10 1 1 6 3 2 1 9 1 2 2 99 104 395 253 373 14 1 1 1 23 17 2 1 5 2 4 2 3 2 1 1 8 1 2 14 3 3 1 1 1 25 17 15 7 6 7 5 2 3 3 1 17 54 12 1 58 122 139 197 166 132 80 102 182 268 82 240 215 79 2 1 2 3 2 1 1 5 5
