BTP Project Sonu Giri/Code/Semester-2 (using GRASS GIS)/Code/code version 2.0/Output_single_H_with_erosion/H_85/flow_accum.asc
north: 4928050
south: 4902450
east: 609000
west: 583400
rows: 512
cols: 512
null: -9999
[rows 268 to 334 of 512, columns 192 to 287 of 512]
392 160 615 5 84 6 31 18 12 5 6 6 3 5 4 4 19 12 17 3 1 11 16 77 51 36 27 21 13 6 13 16 1 22 23 19 4 10 8 3 2 1 3 11 12 7 4 2 1 1 2 14 25 4 1 1 1 1 1 1 2 5 1 1 1 10 9 5 1 13 23 16 3 1 1 1 17 17 39 1 1 1 49 41 21 2 1 3 29 14 3 3 1 4 2 2
424 676 2 2 27 54 18 17 11 15 5 5 3 3 3 4 6 5 3 13 5 3 16 33 54 32 28 42 7 13 8 2 22 12 12 15 30 1 3 2 1 1 2 3 2 4 4 1 1 2 10 1 2 17 5 5 3 3 1 1 4 2 2 9 12 1 8 2 9 18 1 3 2 1 1 1 1 68 3 1 1 1 44 103 6 3 2 1 41 7 7 5 5 1 4 1
1 10 11 6 12 12 13 12 14 9 11 4 5 4 4 4 6 7 6 6 4 4 6 11 39 44 1 15 35 10 12 16 10 7 8 7 2 24 18 8 3 1 1 1 4 2 2 2 1 2 6 2 1 2 11 6 6 1 2 1 7 1 6 11 6 3 48 3 26 7 1 1 1 3 1 1 1 1 72 1 2 1 1 1 113 1 1 17 34 6 5 3 1 3 8 1
1 1 7 5 3 12 10 4 9 5 9 6 3 2 2 3 3 4 6 11 3 2 3 1 1 61 21 1 45 19 11 3 7 4 4 3 2 4 9 9 8 7 1 8 3 2 1 1 1 1 1 1 1 2 2 1 1 1 1 10 5 1 34 21 28 53 2 38 10 3 2 3 3 1 3 1 2 16 62 1 2 2 2 1 115 1 19 1 2 41 5 6 5 5 10 15
24 12 5 2 4 6 6 8 1 8 8 10 7 6 6 2 2 1 1 2 9 3 2 1 1 3 44 46 41 32 16 12 6 7 5 4 1 2 2 5 6 3 11 2 2 2 2 1 1 1 1 1 8 2 1 1 1 1 1 1 29 35 1 10 60 34 6 6 1 4 3 3 2 1 3 2 15 19 62 1 3 7 51 17 155 63 38 3 1 30 22 4 2 4 19 1
128 83 43 18 3 3 11 7 16 11 8 9 9 7 4 3 2 1 1 2 3 3 1 1 1 1 12 28 27 33 24 21 9 3 6 6 7 7 6 3 5 8 6 3 4 3 2 1 1 1 1 1 17 7 13 2 1 1 1 1 73 38 1 71 9 4 4 4 4 1 2 6 1 2 5 1 1 54 1 33 1 61 2 162 1 19 1 23 18 1 46 8 5 12 14 1
5 74 65 85 64 22 200 52 5 9 8 6 6 4 5 4 3 1 2 2 2 1 2 2 1 54 47 34 47 39 33 47 26 3 19 14 9 8 7 10 11 5 4 4 2 4 3 1 1 1 3 34 2 2 110 100 142 1 2 118 47 46 89 12 8 9 5 1 1 2 1 1 15 7 1 1 15 51 1 34 1 37 117 84 2 1 1 1 1 1 51 3 8 6 18 5
61 82 113 100 202 327 185 156 72 6 7 4 4 5 3 3 3 2 3 1 1 1 6 19 56 2 16 25 20 55 11 2 42 57 9 5 6 9 9 6 4 4 3 4 5 2 2 1 1 99 119 178 80 157 50 57 17 135 164 42 37 26 2 9 3 10 16 1 1 1 1 1 19 3 1 1 61 1 9 18 15 175 36 1 1 1 1 1 1 1 2 60 5 2 23 2
526 146 198 253 233 111 151 245 321 213 6 7 3 3 4 2 1 2 5 2 1 6 360 383 142 70 61 42 3 10 40 18 21 33 44 20 3 10 5 4 2 3 1 6 4 3 1 1 1 172 78 8 106 1 23 7 1 56 1 1 1 7 5 7 6 3 1 15 12 1 2 1 16 10 1 8 42 41 18 10 204 15 8 1 1 1 2 2 1 1 15 56 9 25 1 10
22 382 149 123 51 52 30 60 123 195 235 8 22 5 9 14 4 12 33 2 3 403 58 4 222 239 137 126 109 9 63 48 126 110 106 49 12 1 1 1 2 2 7 7 4 1 2 2 36 179 3 1 1 16 5 7 17 1 13 9 1 1 2 3 3 2 2 1 1 9 1 1 1 24 6 1 89 1 1 1 1 217 5 1 1 1 6 1 1 1 47 35 8 15 10 23
1 104 141 111 119 72 3 40 15 143 158 310 395 339 418 23 79 219 357 302 495 4 1 8 58 132 167 204 347 521 455 233 313 208 217 227 159 1 2 2 1 12 200 179 48 1 6 18 8 190 4 3 7 1 1 3 18 15 1 7 12 15 10 6 3 1 1 2 4 1 1 2 1 15 24 28 84 2 1 1 57 111 60 2 2 2 6 3 2 2 4 76 19 14 14 57
24 19 46 44 91 144 72 147 196 127 214 271 237 419 375 709 325 459 333 386 100 193 135 249 196 165 161 223 126 43 142 333 146 227 267 345 225 533 524 2 180 224 78 78 219 1 7 129 156 115 10 14 17 1 1 57 43 6 1 18 11 5 5 5 6 1 1 1 1 1 1 5 1 1 15 126 1 1 1 1 1 232 2 2 1 2 4 7 5 5 6 89 10 5 55 57
55 15 17 22 10 80 158 62 1 247 142 169 207 47 1 59 523 122 61 103 161 132 183 36 72 55 73 27 5 2 4 4 67 20 7 10 182 15 1 521 173 282 148 100 179 389 223 111 73 93 81 48 46 52 61 1 14 21 22 1 1 4 1 2 1 4 2 2 1 1 2 2 8 1 1 81 54 1 1 1 1 234 1 2 1 2 3 5 6 2 7 40 74 11 82 54
42 14 4 1 26 1 117 186 207 124 123 39 24 35 37 24 47 39 30 11 26 40 13 15 27 26 8 4 6 6 4 4 7 1 5 17 1 22 10 4 158 53 34 55 45 1 163 60 49 47 22 19 14 14 1 2 1 1 2 2 1 1 2 1 1 1 1 2 1 2 3 1 4 15 33 44 96 2 2 12 48 95 109 25 2 2 3 5 7 3 18 8 103 38 45 48
132 57 2 5 292 298 357 239 318 313 30 16 17 15 12 15 17 9 10 5 3 2 35 20 14 12 8 6 3 3 4 2 5 3 1 11 20 19 1 4 6 68 56 17 1 1 1 80 41 9 10 7 1 1 2 2 1 1 1 1 2 2 1 3 1 2 1 3 2 3 1 5 1 1 1 52 10 102 4 34 17 44 146 35 3 3 1 8 4 6 1 22 126 20 1 72
114 171 219 325 151 148 68 84 58 1 301 47 28 17 8 5 7 8 5 7 5 2 5 18 14 13 11 8 6 3 3 2 1 2 2 8 16 20 4 3 2 23 59 9 1 1 1 2 38 57 15 18 20 13 10 4 1 1 2 3 1 4 3 1 2 1 3 1 3 5 4 1 3 1 2 38 21 58 71 56 7 21 108 121 7 2 4 9 5 7 5 240 235 188 170 216
169 1 1 1 331 59 30 10 3 5 1 270 51 13 5 6 5 3 5 2 2 5 5 8 12 11 9 9 7 6 3 2 1 2 1 2 16 20 3 3 2 4 1 55 22 1 13 5 4 9 39 13 1 15 22 2 3 3 1 6 7 7 4 5 4 2 4 5 1 5 8 1 1 4 21 18 68 28 79 56 1 30 77 70 254 198 154 7 1 6 425 222 192 174 163 89
305 446 1 405 77 42 17 13 8 1 38 204 72 27 16 15 13 10 4 4 4 4 4 3 8 6 8 5 6 3 5 5 4 1 1 2 12 23 3 1 2 2 2 4 34 51 1 9 11 1 20 24 31 14 12 40 1 3 2 20 2 13 7 4 6 3 1 1 8 12 7 2 2 1 2 27 1 120 3 74 33 36 71 765 387 337 355 489 562 617 201 159 149 139 120 121
3 8 441 42 57 33 36 15 19 20 1 220 25 25 23 17 12 12 10 5 4 7 11 3 4 5 8 5 5 3 1 2 2 2 1 2 3 6 16 4 1 1 2 3 3 3 34 23 15 6 10 10 11 13 14 1 37 60 56 7 20 12 14 6 1 1 1 1 5 11 12 7 6 2 16 1 1 72 73 42 47 55 1160 471 748 396 427 513 534 670 169 140 137 135 140 147
8 12 20 25 58 53 22 48 19 11 16 205 32 27 26 9 10 9 11 12 9 4 2 8 5 2 5 4 4 5 2 1 1 1 1 1 2 5 8 5 4 1 1 2 2 1 3 1 19 10 5 5 2 3 1 1 26 1 1 30 15 1 5 3 2 1 1 2 5 12 9 7 5 7 9 6 1 66 74 53 56 1395 288 220 1 415 276 240 197 1 486 153 132 135 138 144
11 3 2 6 3 43 48 20 37 36 40 52 176 55 26 30 8 10 3 4 3 3 2 5 4 5 5 5 5 4 2 1 1 1 1 1 2 3 3 4 1 2 1 1 1 1 1 2 11 1 6 2 1 1 1 1 1 28 1 5 10 2 1 1 1 1 2 4 10 10 11 8 7 9 15 1 1 1 126 77 2871 1090 66 1 1 4 122 63 1 1 4 350 136 122 123 119
1 8 5 6 6 6 28 26 6 6 19 86 90 70 59 51 48 35 20 5 3 3 3 3 4 4 4 3 2 2 2 1 1 2 1 1 1 1 1 1 1 1 1 1 1 3 2 2 3 5 3 2 2 1 1 31 50 1 1 1 2 2 1 1 1 1 2 2 12 12 11 9 9 11 10 6 1 38 85 5045 2394 2686 3217 1 1 2 3 11 8 1 1 4 227 109 103 103
3 5 4 4 6 6 14 19 28 13 8 55 82 49 31 48 29 17 30 39 10 5 4 5 3 5 3 5 4 2 1 1 1 3 3 2 1 1 1 1 1 2 1 1 1 1 2 1 6 1 1 2 1 2 56 22 1 18 15 8 2 2 1 1 3 2 3 5 10 13 12 11 11 11 10 7 14 52 6900 2371 2351 2829 4551 7763 1 1 1 6 6 1 1 2 3 123 70 83
4 3 6 4 5 4 2 9 14 20 9 37 91 61 15 25 57 76 66 72 36 34 7 4 6 5 5 3 2 2 1 2 3 6 4 3 1 1 1 2 3 2 2 2 1 1 3 1 1 54 45 65 63 61 5 1 1 1 3 6 2 1 1 1 3 5 4 7 10 13 13 12 12 12 10 11 30 8143 1720 1377 1383 1336 6 1 7759 3 1 3 5 1 1 1 1 3 49 24
23 6 3 3 1 5 3 2 10 17 19 8 1 130 9 9 5 8 20 7 55 47 48 9 11 6 3 1 1 1 2 5 4 9 5 3 1 1 1 1 10 3 4 1 1 1 1 6 61 14 23 1 1 2 1 1 1 1 1 1 4 1 1 1 14 22 7 8 11 13 13 13 13 12 12 21 8873 1057 676 569 393 1 1 10 5168 7748 3 1 4 4 2 1 1 2 8 31
2 17 6 5 4 5 4 3 4 7 24 11 1 119 10 6 2 4 5 9 22 25 70 11 6 4 3 1 2 6 6 9 10 12 4 2 2 2 10 16 3 2 7 3 1 1 3 27 48 6 14 3 3 5 4 4 2 2 1 1 1 1 1 8 3 1 33 11 12 14 14 14 14 13 18 9271 587 300 218 121 1 1 8 1 1 1 7744 5 4 1 1 1 1 1 5 26
2 6 10 6 5 4 3 2 1 2 16 26 3 85 53 16 13 7 6 2 3 5 1 65 4 3 1 2 12 8 6 12 15 7 1 2 1 3 20 1 1 9 1 1 1 1 1 54 1 30 19 2 9 7 9 11 12 10 5 3 1 1 3 2 2 2 1 46 14 14 15 15 15 18 9482 305 126 81 37 1 4 1 5 1 1 959 2425 4354 6 5 4 2 2 1 1 26
6 3 5 4 2 1 2 2 1 1 7 1 49 32 53 29 5 4 2 2 2 1 1 60 3 5 8 15 4 10 13 19 4 2 3 4 3 9 18 2 4 8 1 3 1 1 15 25 29 39 10 18 2 20 11 5 1 1 6 1 1 1 1 1 1 1 1 1 69 17 16 16 19 9596 153 52 31 13 2 1 1 2 2 1 2 1 3261 2591 1875 7 7 5 2 1 1 1
48 9 5 3 2 2 1 1 1 1 3 4 36 13 48 23 32 12 5 1 1 1 1 1 55 23 16 14 19 13 16 9 1 4 2 3 28 19 16 7 10 1 1 3 3 4 26 6 67 1 14 1 36 6 7 2 1 5 1 3 1 1 1 1 1 1 3 9 1 86 20 20 9663 77 23 13 6 2 1 1 1 1 1 1 1 1130 2353 2563 1338 333 6 2 1 1 3 8
19 15 7 8 6 5 3 3 1 1 1 4 21 13 39 17 35 33 27 30 11 1 1 1 32 3 8 17 5 12 12 3 5 4 17 34 11 17 4 3 3 5 10 4 1 3 35 40 43 3 14 1 44 8 4 2 1 6 1 2 4 1 5 3 1 2 3 1 1 58 53 9714 43 14 9 5 3 2 1 1 1 1 1 1 2 391 3402 2996 1107 4 3 5 2 1 1 4
4 14 11 8 10 6 6 4 5 6 3 4 11 13 22 33 32 40 56 45 58 53 45 3 48 1 58 6 40 15 2 3 3 20 30 9 2 9 3 2 3 1 15 1 1 2 64 39 21 20 27 46 24 8 11 12 3 5 1 1 11 7 1 1 1 1 1 1 1 58 9811 39 22 14 9 6 4 2 1 1 4 3 1 2 338 280 3814 3364 133 74 6 5 2 3 1 2
19 1 11 12 9 9 11 8 8 4 5 4 4 6 2 17 13 5 4 1 24 4 17 48 28 62 1 45 2 23 3 4 15 32 14 6 9 7 3 3 1 9 11 1 1 1 5 86 31 30 48 25 18 15 11 19 37 6 6 14 2 1 1 1 1 1 1 11 26 9933 85 41 40 38 21 14 10 5 4 1 8 1 2 4 1 1534 3767 4154 593 3 2 2 2 1 2 3
21 28 23 12 14 13 10 7 13 8 5 3 1 6 2 3 7 3 1 1 8 7 1 1 6 3 3 1 1 8 9 24 39 20 11 4 14 7 5 3 5 18 1 1 1 1 2 64 90 53 29 20 4 9 25 23 1 89 102 68 188 558 1 10007 10005 1 18 8 9946 3 1 42 42 46 62 30 25 21 11 11 1 1 1 1 1 3831 1 3832 3 1 1 1 1 1 6 8
28 1 9 16 10 14 11 12 4 4 5 4 5 4 7 1 1 11 7 1 1 5 5 3 1 4 3 3 1 1 6 15 35 17 7 13 10 2 4 2 11 11 4 1 1 2 8 108 64 32 36 20 10 22 24 25 99 71 134 436 1334 3524 10009 1 1 10001 1 9953 1 1 2 3 3 2 3 37 36 34 36 6 1 3 1 1 1 1 7658 2 2 2 1 1 5 8 3 12
1 26 20 11 11 4 2 2 2 2 2 3 3 5 4 10 8 1 9 2 1 1 1 1 1 1 1 1 1 5 1 17 51 2 4 16 7 4 6 8 5 12 7 3 2 2 4 83 166 122 247 5 9 503 234 284 271 363 59 6838 9294 5350 3340 2 1 1 9979 1 1 1 1 4 1 1 1 6 15 2 9 21 12 1 1 1 5 9 7646 1 1 1 1 4 1 15 14 1
8 6 4 3 6 5 8 3 5 4 4 4 5 3 3 1 1 1 4 3 3 1 1 2 3 2 3 1 1 5 16 1 62 10 19 2 1 7 5 10 11 17 1 2 3 3 19 98 1058 2495 1874 1985 2423 27 1459 389 1033 2698 7984 3104 4 4698 2 1 1 1 3 21 3 1 1 2 1 1 1 8 2 6 9 29 1 1 1 3 1 2 2 7642 7637 2 2 23 19 3 9 41
19 26 1 1 1 7 7 14 11 6 5 4 2 2 1 1 1 1 1 1 1 1 1 5 9 4 1 1 1 1 13 29 55 13 5 3 7 1 8 42 32 17 1 3 2 10 50 1364 652 5049 5991 5214 6467 9537 8486 5445 7957 6487 4579 18 1 41 139 1 1 1 1 16 1 1 1 1 1 1 4 3 1 1 1 1 28 1 5 1 1 1 1 1 8 7631 7607 1 1 68 58 19
21 27 44 42 25 30 6 2 5 5 4 4 5 4 2 1 1 2 2 1 1 1 1 8 13 3 2 1 2 8 19 78 3 7 4 9 7 4 48 1 1 1 4 3 1 29 1485 171 7266 2957 3490 3938 2154 539 1666 4357 2555 1598 53 51 78 83 300 1 5 11 1 1 29 32 30 1 10 1 1 3 1 1 1 1 6 19 1 1 1 1 3 17 14 4 6 7576 72 4 3 1
6 1 1 1 15 4 19 9 6 3 3 5 6 4 2 2 1 1 7 2 3 2 1 23 1 1 1 1 1 1 54 55 1 1 17 1 43 35 30 2 1 2 1 3 1 1516 1 9322 1618 826 325 112 4 12 26 55 19 44 77 94 94 103 9 297 114 100 56 17 8 1 1 56 38 26 1 1 3 1 1 1 4 3 8 1 1 4 13 2 2 5 6 4 7535 8 8 6
4 3 2 1 1 2 5 3 3 3 5 6 6 3 3 3 1 9 5 3 6 9 13 1 14 1 1 1 1 1 83 1 29 6 8 50 1 7 14 1 2 135 181 610 1518 1 9327 7 349 118 9 3 2 1 7 57 47 30 29 25 4 17 13 41 168 153 208 241 81 1 133 69 75 88 84 1 185 178 1 1 1 1 6 1 1 4 3 1 1 8 10 7 7488 1 14 21
4 2 1 1 1 1 1 2 1 1 8 11 14 10 10 7 8 10 1 3 20 9 1 17 1 2 2 1 5 18 34 48 75 78 62 2 2 7 9 25 164 86 127 483 5139 9417 170 11 28 65 2 1 1 1 4 32 6 24 9 3 1 1 11 1 96 1 1 1 152 224 1 68 71 103 126 200 5 1 175 1 3 1 2 3 1 4 1 1 1 14 1 4 4613 2865 217 31
6 6 4 2 2 2 2 1 2 1 30 25 9 9 6 5 10 1 1 24 3 3 6 7 11 2 3 4 5 16 33 110 38 1 2 2 2 8 14 361 928 1733 2735 5376 6112 2188 21 160 59 98 43 1 4 40 21 20 29 18 4 5 4 2 1 1 1 54 3 1 2 1 89 46 37 9 5 16 2 1 1 172 2 2 1 3 1 2 1 3 12 1 1 1 6577 1062 5 5
1 1 1 1 4 2 2 1 1 16 34 18 11 12 10 8 5 2 1 1 31 8 6 1 16 2 7 4 6 16 108 64 33 8 1 1 1 1 618 296 2823 3449 4165 1020 4858 4 1 98 99 119 132 140 117 36 4 3 13 13 14 6 2 2 2 1 1 17 33 5 1 1 6 3 3 3 10 8 7 1 19 46 100 3 1 5 7 3 1 3 4 3 1 3 7407 2 3 4
1 1 5 7 2 4 1 1 1 25 33 1 8 4 4 6 4 3 7 28 15 6 3 1 1 18 17 4 4 124 15 37 28 11 4 2 1 1 1271 1910 3751 4542 3025 5061 7 10 4 44 23 39 67 58 83 136 9 2 8 9 10 8 5 3 2 1 1 2 38 2 6 10 4 1 4 1 15 9 1 3 1 53 53 49 10 7 8 1 3 1 1 2 2 1 1 7402 7 3
1 1 5 7 4 5 2 1 1 1 62 3 9 3 4 5 5 9 19 20 8 7 3 1 1 4 32 7 2 76 62 39 1320 3544 4615 5704 11403 528 6147 6124 7254 2962 2444 35 16 7 10 23 12 33 26 28 13 39 121 25 4 10 9 5 4 2 1 1 1 1 1 35 14 6 12 10 1 11 9 1 2 1 17 36 44 43 12 2 1 6 3 1 1 1 1 1 4683 1970 1728 26
2 3 9 1 14 6 2 1 1 1 38 38 1 5 3 13 10 16 16 19 6 4 2 1 1 1 38 5 11 87 43 3832 4056 2450 4556 6745 1 11136 4717 3695 1022 445 21 21 47 17 11 15 29 37 44 6 22 17 104 84 32 2 8 11 3 2 2 1 1 1 5 15 9 7 7 7 11 28 1 1 1 1 9 33 68 32 5 5 1 2 1 1 1 1 5 2178 3038 2149 1 1
4 12 1 7 12 1 1 1 5 16 22 40 15 9 15 5 9 10 16 17 5 4 2 2 1 1 37 13 1 5 5760 3119 6228 5882 3171 7 7 5 4 57 253 13 13 11 5 35 29 7 3 7 33 59 50 53 52 115 141 20 1 1 9 4 1 1 1 1 5 4 5 3 1 3 1 1 26 1 2 6 4 10 66 33 41 19 1 1 1 1 3 9 22 8 7327 4 1 1
4 6 22 16 8 1 2 6 10 22 16 22 36 14 8 10 9 15 12 18 9 4 4 2 1 1 3 48 3 6196 1293 1 4534 673 31 8 7 5 10 1 187 10 7 7 7 15 18 13 5 1 2 4 7 2 38 32 86 183 66 1 2 1 1 6 5 5 2 1 2 2 2 2 2 16 12 1 2 2 3 9 14 35 25 50 3 1 1 3 8 3 22 1 7320 1 2 1
1 30 1 2 1 5 9 9 117 51 55 20 26 31 16 8 22 107 15 10 358 9 5 2 1 1 2 36 8866 8623 6185 1881 2828 70 85 120 1 1 1 38 169 9 5 3 2 5 14 12 7 4 2 1 2 3 3 2 3 1 133 196 1 3 3 7 3 2 1 1 1 1 1 1 1 3 15 1 1 3 1 6 17 11 15 8 45 1 1 1 17 19 24 28 1 7290 1 1
10 9 16 2 1 9 2 148 30 88 70 86 77 8 4 8 311 2181 1050 966 744 519 3 1 1 2 2 10882 2906 1 333 3523 25 9 20 1 119 108 28 46 119 125 21 3 4 6 10 2 10 2 4 1 2 1 3 1 2 1 1 1 195 25 9 1 10 2 6 1 1 21 9 1 6 3 11 19 1 1 1 5 12 13 8 16 17 25 4 15 4 5 3 20 1 7287 1 1
10 7 23 10 6 1 156 2 31 18 1 53 52 71 1 2424 3782 2945 3829 4911 1637 1195 1098 1 2 30 11771 1095 123 106 1 1 22 14 9 5 44 3 92 59 41 141 88 4 1 5 1 8 9 12 9 8 5 1 1 2 1 2 3 5 7 154 43 39 17 45 55 51 60 3 28 28 23 13 1 2 17 8 1 1 14 17 1 29 1 24 15 4 3 2 4 4 13 15 7277 1462
1 12 5 40 2 161 2 7 53 26 16 36 1 1 486 7125 1385 4666 5434 5133 8209 4405 3525 5481 3006 11963 359 124 88 115 2 160 34 38 31 35 2 2 8 45 40 89 157 109 8 4 8 1 1 1 1 1 3 2 2 1 1 1 1 1 1 14 117 39 60 37 23 24 6 35 5 2 4 10 7 1 3 12 1 3 7 1 33 24 21 7 6 2 2 3 2 2 3 2 31 5795
1 5 2 28 85 97 2 18 8562 449 490 515 1 11246 10121 4765 6835 3743 2126 1883 2452 6226 8249 6661 10324 3127 29 2 93 110 186 18 130 65 45 66 81 3 2 24 23 38 100 162 143 22 23 29 1 1 1 23 12 5 3 1 1 1 1 2 5 7 7 68 24 16 21 17 3 15 13 4 1 2 10 1 1 1 10 1 1 12 48 12 11 2 4 1 1 2 1 1 3 6 22 35
4 1 4 5 114 77 34 9582 993 8065 1683 4607 11318 1 2107 391 1253 704 449 440 12 24 47 6 14 7 6 8 10 15 21 15 41 65 46 20 50 74 23 16 17 13 33 42 152 82 19 1 46 55 68 31 3 2 2 2 1 1 2 1 2 3 13 1 31 14 11 15 19 17 18 15 3 2 3 6 1 3 2 2 1 1 57 1 7 1 2 1 1 2 1 9 6 8 17 22
2 1 1 1 1 210 1 11015 2053 4570 9052 8016 3694 1057 2 4 150 60 15 12 8 17 1 45 15 17 7 7 4 19 21 3 3 36 40 18 22 42 60 34 20 11 3 12 115 156 1 30 34 66 47 70 39 2 1 1 1 8 2 1 1 2 7 16 11 7 4 5 9 8 15 5 12 5 3 2 2 1 1 1 1 1 53 12 2 3 3 1 1 4 7 1 6 4 6 24
2 2 1 1 1 124 4687 7322 638 229 1373 816 376 155 7 5 9 10 16 13 6 8 22 2 25 35 6 7 6 12 16 18 6 9 42 37 16 9 23 31 21 12 5 10 25 97 212 204 172 107 100 75 85 3 2 1 5 45 52 50 42 27 11 9 10 9 2 2 7 8 9 6 6 2 4 1 1 1 1 1 1 1 36 24 16 1 2 1 2 1 2 2 2 2 4 20
1 1 7 1 1 1012 11698 258 12 1180 891 195 42 14 12 6 7 11 8 14 2 4 24 3 3 6 29 11 1 7 8 14 12 7 5 47 31 11 8 21 34 31 35 14 1 2 1 5 37 11 1 77 106 118 1 3 69 17 1 1 23 6 15 12 8 9 8 3 1 13 9 4 3 3 4 1 1 1 3 5 7 34 1 1 1 13 1 1 1 1 1 2 2 3 2 10
21 19 1 1 209 12159 88 1 593 1 48 23 17 25 20 9 5 8 14 17 4 3 6 18 8 3 18 16 9 10 2 3 10 9 10 17 51 11 13 5 6 17 16 34 2 2 1 3 9 17 11 3 38 91 169 76 12 10 11 16 19 13 15 10 5 6 5 7 1 2 15 6 1 1 1 2 1 1 3 4 18 1 6 4 1 1 12 1 1 2 3 1 1 1 5 15
1 1 19 43 12479 85 57 283 208 6 43 18 22 19 30 27 19 8 6 22 1 4 7 6 11 8 1 23 5 3 7 2 5 3 3 7 41 40 10 22 3 8 2 36 32 3 2 1 3 2 8 2 5 8 6 88 1 4 1 3 13 20 20 13 2 5 5 5 8 7 9 16 1 1 1 1 1 1 2 10 1 1 3 1 2 5 3 2 1 2 4 9 11 12 8 54
7 11 1 1 12753 304 362 297 16 55 16 29 15 8 14 16 28 20 8 22 16 6 6 1 4 10 14 21 12 2 5 3 2 1 1 1 19 31 40 7 28 5 12 9 21 24 6 1 1 3 2 4 2 1 12 2 81 33 7 10 3 7 19 37 3 1 2 1 1 1 5 1 14 1 6 3 1 2 3 5 1 3 8 6 4 6 1 1 1 1 2 4 2 3 49 1
407 1 6379 12755 1 88 1 5 45 26 14 18 21 11 7 9 9 28 29 13 22 1 7 4 2 1 1 18 41 4 1 5 1 1 1 1 19 20 42 45 42 27 8 17 27 35 21 1 1 2 1 1 3 2 9 5 46 37 37 9 4 3 1 2 34 5 1 1 1 1 1 2 1 10 1 1 1 1 1 1 1 26 13 1 1 1 4 1 1 1 3 4 12 24 34 4
5803 6380 1 6379 1 1 6 3 12 16 16 14 24 31 31 27 14 9 23 55 4 15 2 5 3 1 1 42 39 63 16 18 16 15 33 29 3 4 11 12 17 41 17 17 20 29 43 61 12 2 4 1 2 3 4 3 12 12 22 25 7 2 3 2 2 23 12 14 1 1 1 1 1 1 1 1 1 1 1 3 1 102 28 54 1 1 1 1 1 1 1 2 5 11 16 3
798 4445 5201 3215 3 190 226 4 213 202 184 22 11 28 38 43 42 18 11 11 51 26 19 2 6 20 45 6 9 31 70 11 20 29 3 6 6 5 13 7 2 7 28 6 4 5 2 1 53 47 37 19 3 3 2 2 8 7 12 21 12 7 5 3 1 3 11 6 15 12 10 1 1 2 5 1 3 1 1 1 110 1 56 31 75 2 1 1 1 1 1 2 3 3 18 9
4610 2128 3711 47 204 47 2 222 9 8 13 147 45 50 22 16 40 28 7 1 29 50 23 27 22 24 1 30 15 1 1 59 15 5 4 3 3 2 4 15 3 6 9 12 6 6 5 6 6 6 10 26 7 1 1 2 5 2 3 24 14 5 3 4 3 5 1 1 1 1 1 7 1 1 1 9 4 1 122 117 3 1 10 1 1 70 1 1 2 1 1 1 1 1 13 9
1 769 1106 43 164 38 1 3 5 9 18 17 105 49 29 26 21 84 2 8 42 32 50 40 39 7 54 20 22 8 2 24 31 7 4 3 2 2 1 1 12 5 7 5 5 3 3 3 5 4 2 25 8 15 1 2 1 3 2 2 18 14 9 3 1 1 3 1 1 1 1 1 1 1 2 9 7 126 2 4 3 1 3 2 1 15 53 34 30 4 2 1 1 1 19 1
203 1166 608 1 214 67 3 3 2 5 11 24 35 47 50 52 38 1 108 100 44 9 28 31 45 73 8 3 7 10 7 7 4 25 17 14 6 7 3 4 2 4 4 5 5 4 3 3 4 3 1 4 18 1 13 1 1 1 2 1 6 10 5 7 9 7 1 1 2 1 1 1 1 2 1 10 136 1 1 3 1 1 1 1 1 3 29 1 1 23 3 1 1 1 16 1
712 533 1067 235 19 5 63 3 5 4 5 13 18 25 34 31 33 31 5 22 88 24 1 14 1 3 21 9 2 5 5 5 6 8 7 9 12 7 10 3 1 2 4 4 3 3 1 1 1 4 1 1 15 1 8 6 4 2 1 1 1 2 8 4 1 1 5 1 3 1 1 1 2 1 1 165 15 3 4 1 1 1 1 1 3 4 12 13 1 6 12 1 1 1 13 1
