BTP Project Sonu Giri/Code/Semester-2 (using GRASS GIS)/Code/code version 2.0/Output_single_H_with_erosion/H_85/flow_accum.asc
north: 4928050
south: 4902450
east: 609000
west: 583400
rows: 512
cols: 512
null: -9999
[rows 134 to 200 of 512, columns 288 to 383 of 512]
343 1 2035 135 12 332 106 28 194 18 288 1144 1881 1758 1469 459 724 1156 878 492 39 17 4 49 114 2 1 1 14 26 40 122 81 1 1 292 645 589 189 75 110 486 96 23 86 275 386 126 5 251 237 163 1 331 552 5 1 9 6 3 2 2 26 1 1 2 12 6 4 35 50 45 62 59 3 298 93 128 136 56 181 104 88 9 2 2 1 4 1 1 24 12 4 1 1 3
1 1 1827 433 468 80 437 1 94 300 221 340 795 2257 2462 423 301 948 1079 869 254 24 19 7 152 1 2 1 2 4 2 95 115 194 192 570 811 1 72 129 3 435 586 708 634 432 242 229 263 253 365 1 282 244 1 530 92 66 6 5 3 3 1 24 4 4 2 8 7 12 20 3 14 4 6 7 24 33 56 122 148 149 131 23 4 3 2 2 1 6 3 7 4 3 2 2
1 1 1338 669 137 120 1 433 348 457 208 235 266 843 2766 2631 419 423 1332 921 424 31 29 47 1 143 70 6 5 2 4 4 1 1 1 1 1374 13 18 69 122 18 98 6 141 87 78 166 203 48 6 344 239 37 43 56 461 361 1 2 1 1 2 1 20 9 12 8 2 6 11 15 15 10 7 5 16 19 29 77 96 171 172 102 1 1 1 1 1 1 6 1 3 1 1 1
15287 1 2039 1734 132 7 33 51 81 349 355 346 310 292 817 3004 2964 1654 1348 2902 142 96 24 24 84 1 84 14 5 6 2 4 1 1 1 1343 1 19 18 13 9 3 3 9 11 27 4 8 9 4 14 7 12 9 10 31 81 269 513 1 2 1 1 1 1 12 11 24 21 10 18 16 6 5 3 7 10 8 17 44 83 120 261 203 403 399 1 1 1 1 1 4 2 1 1 2
396 15071 11947 5166 4144 520 89 26 6 89 311 209 335 369 327 120 2415 3067 220 491 2808 589 7 17 63 79 35 5 7 5 3 3 2 1 2 1 1337 3 5 8 13 12 9 6 1 3 15 9 6 8 9 13 11 9 11 8 4 10 18 503 431 2 1 5 12 10 17 2 14 15 4 8 8 7 7 4 8 8 14 8 5 6 13 128 3 4 394 379 356 374 1 1 1 1 1 1
66 1681 4823 10948 6247 584 512 252 74 63 37 221 176 207 383 603 684 2186 3512 992 1429 2392 306 11 87 123 2 1 2 1 3 1 1 1 1 652 681 3 2 3 5 6 9 11 6 4 6 6 7 8 6 8 13 14 4 10 4 3 4 54 147 500 1 493 17 9 6 6 10 1 5 3 6 4 3 3 3 3 3 12 8 6 2 35 2 5 2 19 60 1 372 356 1 1 1 22
561 459 736 587 14559 848 776 116 152 106 119 8 65 56 18 72 114 1 2336 3389 2588 2108 2655 1261 1 294 3 3 1 1 2 2 1 1 1 651 648 100 5 2 1 3 4 4 7 3 3 4 4 5 5 8 4 19 2 2 7 5 2 3 5 3 497 1 473 26 16 9 10 25 21 14 4 6 5 4 2 3 2 4 7 5 4 1 32 9 2 4 1 5 83 1 354 86 29 4
2 295 590 2222 10745 6673 2474 599 283 140 115 130 38 10 14 3 1 4 2 1188 3557 1396 3149 3467 6217 4625 1020 3 4 3 3 1 1 1 75 982 248 290 32 16 5 3 5 5 4 2 2 3 2 3 5 5 6 7 14 4 3 3 5 1 3 4 1 1 435 26 17 23 13 6 8 13 15 10 3 4 2 3 2 5 4 4 3 8 26 2 1 4 2 3 4 9 262 1 54 5
1 2 1 2945 5214 3148 9281 444 745 427 108 173 67 2 1 8 6 3 4 1 1 2952 57 2338 7 6017 3095 1154 2 2 1 1 1 116 659 344 90 57 242 73 11 8 5 5 5 2 1 2 2 2 4 3 2 11 7 3 1 2 5 1 2 2 1 1 412 23 23 18 18 5 6 7 8 8 8 5 4 3 1 2 2 2 5 6 7 19 2 1 1 2 4 3 15 252 1 48
1 1 1 4381 117 3459 5425 12794 1186 1370 918 734 244 2 1 1 1 3 1 2 1 1978 1910 909 1546 47 4481 6672 4602 2933 759 1 81 2545 574 1034 99 133 109 253 9 11 8 3 5 3 2 1 1 1 2 1 6 12 1 3 1 1 2 1 1 1 1 387 6 3 13 7 8 11 6 5 8 9 6 5 3 3 2 2 1 1 6 2 8 15 4 1 1 2 3 5 1 22 237 87
1 1 1 1 4347 1048 123 1052 11870 3699 3462 2500 1092 34 1 1 1 1 1 1 1 1 1203 186 94 7 225 1157 4425 3441 3421 3784 3486 405 2168 1001 1249 290 43 114 203 18 13 11 6 5 2 1 1 1 1 1 6 7 1 1 1 1 1 1 1 1 367 1 16 13 14 9 3 7 5 4 1 6 5 2 3 3 1 1 1 1 4 4 10 5 4 1 1 1 4 1 1 1 46 164
1 1 2 1875 1053 332 576 977 5650 5431 4129 6587 10156 31 239 1 1 1 1 4 3 1 79 4 29 154 61 1 177 3721 297 407 468 1107 1540 1048 333 1094 98 206 111 26 5 6 8 7 3 1 1 1 1 2 1 7 1 1 1 2 2 1 8 364 1 3 5 4 6 17 6 6 5 4 3 3 3 4 2 2 3 1 1 1 2 5 3 3 5 1 1 1 1 1 1 2 51 36
1 1 984 1470 164 79 1 771 3023 4701 5008 3333 979 10031 6376 1539 1 1 2692 5 5 32 57 213 321 340 109 162 3144 1178 17 501 84 212 1598 1642 537 893 958 410 168 55 2 4 3 5 5 5 4 1 1 1 1 1 4 1 1 2 13 20 11 65 288 15 12 3 3 1 13 7 5 4 2 2 1 2 2 3 1 2 1 1 1 4 1 1 5 1 1 1 1 1 1 42 38 29
30 6 23 2343 183 160 120 14 50 1968 980 1435 2431 5849 6548 3299 5379 5377 5365 1 4943 2240 1971 1750 351 291 648 763 1933 4267 383 145 548 362 690 1718 1621 1343 1335 861 475 186 26 6 3 3 2 1 1 1 1 5 2 3 6 1 1 2 9 12 15 57 44 221 26 22 2 2 3 4 4 2 4 3 3 4 4 5 5 3 2 1 1 2 1 1 3 1 1 3 1 3 35 8 1 17
88 1 6 240 2110 434 83 22 1 180 1607 1371 566 1418 7413 2462 1 1 1 10724 9524 11565 8703 3708 14 422 362 518 230 613 4025 2448 802 160 282 898 1262 888 1179 1530 769 380 126 22 1 1 1 1 1 2 1 25 16 10 2 3 1 3 15 22 43 8 5 121 206 73 6 3 3 5 7 9 7 4 1 11 9 6 2 2 2 1 1 1 1 1 1 4 4 5 16 8 33 2 4 2
22 83 207 115 1199 1459 116 72 70 156 389 37 1359 1808 5227 4089 5778 9860 7984 4458 1064 2932 5683 10610 5255 8582 1805 295 1337 1419 3421 2253 1879 157 229 292 1142 1059 898 1570 1597 940 190 89 82 1 10 1 2 2 29 3 3 5 2 3 1 5 19 10 17 4 4 18 69 248 5 8 1 8 4 4 5 4 3 22 8 6 4 4 3 2 1 1 1 1 1 1 4 6 1 28 1 1 2 1
56 131 154 319 102 602 1080 234 107 97 384 483 43 219 1 4092 4092 4 1872 49 220 301 194 2046 6681 765 7183 6402 5039 2331 338 4822 3442 925 434 328 313 1036 1299 1461 1927 2690 1 1 43 102 27 28 34 44 23 3 2 3 3 4 1 1 20 24 1 3 5 1 2 2 243 3 11 2 1 5 5 11 25 3 4 5 8 5 4 2 1 2 2 4 1 1 2 2 3 1 9 2 1 1
19 2 205 40 286 599 1894 9 60 108 1 163 65 2 1 1 2 6 5 10 46 195 388 1737 3703 80 1909 1701 3686 2665 4528 2431 5139 1794 383 566 101 126 457 854 1163 1776 2315 2 1 1 62 35 20 9 3 7 2 2 2 1 2 1 37 1 1 1 4 2 1 1 1 238 5 1 2 59 14 21 6 5 4 3 2 2 2 2 1 3 7 1 1 1 1 1 1 1 1 4 2 2
26 11 142 119 122 22 1 1890 72 2 2 10 3 5 2 2 1 4 1 2 2 2 1 1 5205 419 582 1091 2648 3589 3566 6517 7716 1465 2002 1002 849 269 318 325 531 1417 3760 1 1 1 4 30 25 1 7 3 4 1 1 1 1 1 34 2 1 1 1 1 1 1 1 63 168 81 75 11 43 14 6 4 1 7 5 3 1 2 7 1 6 4 1 1 1 2 1 1 1 1 1 1
1 46 71 121 176 117 1 263 1726 885 8 3 5 3 5 3 3 4 3 3 2 1 1 1 107 5041 505 1263 1469 1693 1315 95 11417 1248 756 1699 1309 1009 728 1 2 1 4954 1 1 1 1 2 15 22 3 2 3 3 1 1 1 1 30 2 1 1 1 1 1 2 2 1 142 5 4 11 15 7 3 2 12 7 7 8 12 13 1 2 3 11 3 1 4 1 1 5 2 1 1 1
1 6 42 40 117 327 1 654 1 588 1166 3 4 2 1 1 1 2 3 3 3 1 1 1 189 79 4383 2828 1420 1076 622 1462 10269 3222 178 312 1332 1117 1055 1157 1 1 1 4952 1 1 1 1 1 4 18 5 5 2 5 3 1 3 24 1 1 1 4 1 1 1 2 136 1 8 1 7 19 11 2 5 32 14 18 19 8 4 2 1 1 1 18 3 4 2 10 1 1 2 1 1
1 4 11 7 1 1 651 326 2 1 2 1159 573 4 6 7 6 5 4 2 2 2 1 1 27 308 453 1727 886 1494 1320 1496 5866 11854 460 363 727 299 1238 1338 2615 1 1 2045 2905 11 1 15 11 2 13 15 3 5 1 1 1 1 1 21 1 1 1 11 14 10 72 59 3 29 28 20 15 27 20 42 10 15 6 1 3 1 2 1 1 1 21 1 14 14 3 3 4 1 1 2
1 2 10 4 1 1 973 1 1 1 2 393 674 1010 121 22 26 9 3 3 1 1 1 25 5 120 171 118 1318 1157 1314 878 484 3351 10679 1977 962 1104 717 1064 1 3919 1 1 4933 16 34 18 18 22 14 2 10 5 3 1 1 1 6 1 11 1 2 2 1 21 24 60 40 12 5 13 8 3 34 7 7 4 2 2 1 1 1 1 1 2 1 23 32 8 2 2 1 3 1 1
1 1 10 1 1 970 1 1 1 1 12 20 67 176 797 312 117 129 21 4 3 9 29 2 22 20 13 145 268 295 877 646 1308 3141 10834 4790 125 548 586 524 1308 1 3917 1 2773 2144 4 1 4 6 1 12 4 2 1 1 1 2 1 1 8 1 1 1 1 2 41 31 24 18 21 18 16 26 5 4 3 4 4 1 1 1 1 2 3 1 5 43 7 1 2 2 1 3 3 4
1 1 3 6 1 1 968 16 7 17 24 26 32 117 481 597 192 162 274 106 6 419 329 12 10 21 19 31 63 111 23 608 523 769 1 14141 116 163 256 263 1 1 3915 1 4320 581 4 3 1 2 4 1 9 8 4 3 2 1 1 1 3 2 1 1 1 2 22 28 14 7 11 14 23 12 13 7 4 3 3 5 3 1 1 2 9 4 2 40 16 4 1 2 5 3 31 76
1 1 1 2 2 1 287 662 26 23 6 10 1 30 48 712 180 240 241 396 461 60 220 344 48 35 14 23 19 23 34 92 202 649 1279 13921 26 8 31 2 1 1 1 7823 1 983 2 2 2 1 2 1 1 5 5 7 2 1 1 1 2 2 2 3 1 1 2 1 22 29 9 14 8 1 9 2 2 4 4 1 1 1 1 2 12 2 10 2 43 9 2 1 1 33 30 55
1 1 1 2 29 87 21 460 371 3 2 5 3 3 52 128 583 209 58 103 119 121 19 87 304 123 94 23 13 9 3 1 1 3 209 2960 12133 7 1 1 1 1 1 6842 3910 3 2 1 1 1 1 1 5 5 6 1 4 2 1 1 1 1 1 3 11 1 1 2 1 2 18 4 1 8 6 11 8 5 3 2 1 1 3 3 12 7 21 10 38 12 12 1 1 27 85 8
1 2 1 1 27 56 33 534 261 8 3 3 2 2 7 199 75 292 235 99 59 1 113 168 217 107 118 67 19 11 6 6 2 1 12 1428 7635 15089 18 1 1 1 1 3909 10745 2 1 1 1 1 1 11 10 4 2 1 2 1 1 3 2 1 1 1 1 13 9 5 3 3 5 5 6 1 3 1 3 2 3 2 1 1 1 4 10 11 33 13 19 31 9 1 1 99 79 12
1 1 6 1 1 104 24 772 3 6 3 2 2 1 5 21 183 157 244 158 92 18 195 181 191 254 151 117 91 25 7 3 6 3 1 39 69 124 15030 138 2612 2129 2015 2 1 10743 2 1 1 1 16454 24659 2 1 1 1 2 3 6 2 1 1 1 2 1 35 10 10 7 1 3 3 3 2 3 3 2 3 3 2 1 2 1 2 5 14 56 24 1 2 110 122 180 53 16 6
1 2 2 20 69 56 1 747 34 8 3 1 1 1 1 26 33 47 204 192 140 296 108 121 140 210 235 140 101 135 76 24 3 3 1 12 21 148 206 14795 1775 833 2 1 1 1 10739 1 1 21274 8222 1 24652 1 1 12 5 6 6 1 1 1 1 3 38 1 2 1 1 4 3 2 1 1 4 5 3 6 3 2 2 3 2 3 4 7 73 10 2 1 186 61 1 26 29 25
1 1 29 39 13 2 145 665 55 28 8 1 1 1 1 36 1 16 35 157 192 84 76 115 168 175 178 293 432 264 251 1 38 10 4 1 1 1 294 519 11400 6238 1 1 1 1 12351 24699 24696 3415 1 1 3 24646 42 27 23 10 1 2 2 2 1 50 32 2 1 1 1 1 1 3 1 2 9 3 10 8 6 2 2 3 5 2 3 5 84 3 1 64 151 10 1 4 6 22
1 1 35 11 13 2 1 717 88 51 41 5 1 1 16 1 26 3 5 6 87 94 128 162 198 324 183 262 275 399 499 742 262 229 43 22 1 1 498 1282 3280 10914 4678 2 1 3227 10740 1 5 8 2 1 2 1 24600 30 53 31 2 1 4 2 68 1 3 3 1 1 1 1 5 3 2 1 2 25 9 3 1 2 3 7 5 2 3 89 2 4 17 151 81 4 2 1 2 1
1 24 3 20 6 3 1 69 654 286 157 11 28 28 34 15 31 37 6 8 17 35 11 29 48 19 233 76 62 124 1 10 470 419 404 182 1 808 274 163 522 1 9353 14026 1 13971 2 2 1 9 2 1 1 1 3215 21355 1 59 86 1 80 70 1 14 10 4 1 6 5 6 6 5 2 2 1 30 5 3 2 3 9 7 2 6 28 56 15 20 90 62 99 4 2 2 1 1
5 11 30 4 4 3 3 108 215 321 289 368 19 15 6 23 12 2 30 8 10 8 8 6 1 18 40 50 54 58 133 52 72 337 418 593 811 2 33 1 2 1 1 1 14024 6990 1 1 1 4 3 2 1 1 5484 1 19066 1 1 83 1 3 2 3 6 6 11 3 2 11 8 4 2 1 1 28 9 4 2 4 11 7 4 9 30 54 25 52 119 118 5 3 3 1 6 13
15 1 29 2 3 3 1 27 137 163 194 124 269 48 17 16 4 15 15 15 1 13 11 4 1 3 7 18 15 16 4 87 100 23 77 95 7 3 3 1 1 1 1 23 2351 5 2 1 1 1 1 1 1 1 405 10153 13957 1 1 1 1 1 1 3 1 4 1 1 6 11 1 1 6 2 1 17 26 4 1 5 16 7 7 11 69 39 27 59 196 17 2 3 1 6 14 2
2 38 2 1 4 2 2 33 52 80 241 227 108 46 74 1 30 31 18 18 29 8 13 9 9 9 9 8 10 17 20 18 14 9 3 48 9 5 3 1 1 1 2 32 9 5 2 1 1 1 2 1 1 1 688 1 23822 1 43 39 1 2 10 5 2 4 1 3 9 10 1 1 1 8 5 17 22 6 2 5 18 12 6 81 15 17 146 230 12 8 13 10 8 16 14 25
5 2 33 2 3 2 1 14 31 68 102 501 5 1 1 71 47 47 91 34 30 42 9 13 13 13 8 4 1 1 10 22 15 6 1 14 30 4 5 1 1 1 22 3 6 5 5 3 1 1 5 1 1 5 209 951 7653 15690 54 110 1 57 27 13 6 1 1 7 18 1 1 1 3 6 35 27 1 11 7 9 42 14 1 3 158 122 177 59 5 12 6 18 5 62 52 32
5 1 5 27 3 2 3 3 18 1 118 1 499 27 1 59 65 46 41 68 38 48 53 6 10 6 5 3 3 2 2 1 24 16 1 1 2 25 5 10 1 1 17 1 3 2 1 1 1 8 13 18 20 138 1 228 2919 15393 22950 1 218 125 93 63 34 1 9 13 1 11 1 2 4 1 6 53 2 7 113 118 63 58 25 1 10 422 105 21 28 34 39 43 64 1 1 1
3 6 4 7 13 7 2 2 13 1 1 233 347 38 62 1 1 21 18 53 47 50 68 58 30 19 10 2 1 1 1 3 1 22 18 1 1 4 18 10 14 10 7 6 2 3 1 2 4 1 1 6 1 123 1 195 385 6463 1 22930 521 292 254 211 160 104 15 8 1 9 5 4 5 2 1 1 229 228 133 112 110 116 128 139 441 57 57 86 64 27 29 16 1 2 2 2
4 4 4 5 3 5 4 1 1 10 3 1 557 1 1 1 1 5 11 9 65 28 51 57 23 11 18 22 2 2 6 5 8 19 28 20 20 22 16 2 5 10 6 6 6 3 2 2 2 7 9 1 48 50 32 85 438 1003 523 1 22298 839 541 501 456 395 311 2 3 406 360 321 295 283 291 381 183 133 115 121 133 151 177 297 261 9 1 8 15 14 5 2 1 4 4 1
1 7 2 3 2 2 2 3 6 4 2 31 515 2 1 1 60 83 135 130 88 64 31 110 37 29 25 31 49 6 31 10 6 1 1 23 38 26 34 3 1 15 5 3 2 3 1 1 1 3 1 7 47 50 30 12 169 1 740 1260 1 21719 1302 924 904 890 883 1051 1155 717 640 563 489 425 370 225 145 111 101 105 112 119 135 113 6 1 1 3 3 4 2 4 2 16 10 3
4 5 1 2 2 1 1 3 6 7 3 45 12 497 442 184 161 118 82 73 67 97 91 18 142 139 86 2 8 83 27 27 11 1 35 23 11 2 27 35 11 13 14 12 4 4 1 1 1 2 2 2 47 47 36 1 1 1 1 1 1257 1 20796 1863 1416 1430 1475 1526 1270 1112 1030 930 811 664 512 401 299 201 118 71 66 58 35 2 3 4 3 2 3 7 7 15 18 1 11 1
20 4 1 1 1 1 1 1 15 4 39 14 45 2 5 254 162 121 29 37 41 41 68 113 101 62 114 171 154 71 27 24 27 39 3 7 9 7 5 12 14 4 5 10 4 3 1 1 1 1 1 4 49 43 19 10 3 1 1 1 90 1165 1 19432 2440 1920 1908 1824 1775 1743 1698 1633 1538 1400 1171 954 799 621 417 194 33 22 10 3 1 1 3 4 33 13 19 6 8 14 30 69
22 18 11 1 1 1 1 13 1 26 14 20 28 7 11 112 46 35 14 20 24 22 23 8 11 46 30 23 56 129 31 33 13 3 2 2 4 7 8 16 9 2 2 5 10 1 1 1 1 1 2 1 51 49 17 1 1 1 1 3 101 68 1081 1 17586 2957 2378 2406 2443 2480 2518 2554 2587 2603 2608 2244 1825 1646 1408 1074 545 22 23 25 18 40 41 53 31 29 18 26 22 21 31 19
92 48 47 39 25 9 6 9 1 17 16 17 24 13 66 66 36 18 10 6 9 13 10 11 5 5 20 11 10 17 103 85 6 3 1 1 3 2 3 7 16 1 1 1 2 7 2 1 1 3 7 11 1 92 1 1 1 2 3 49 59 52 51 1034 1 15289 3410 2890 2982 3086 3206 3348 3520 3748 4024 4773 4278 3278 3210 3092 2861 1803 30 38 63 36 32 14 1 25 27 5 10 29 31 11
1 56 64 97 1 11 17 19 6 23 14 13 25 11 24 81 43 15 11 3 5 9 8 10 7 3 7 9 11 14 29 46 64 15 8 3 2 2 2 1 18 6 1 1 1 1 2 1 2 2 3 3 2 36 51 1 1 2 2 45 56 54 42 39 997 1 12593 3638 3203 3332 3481 3654 3862 4112 4494 4741 8418 5884 5241 5508 5961 7192 6089 21 9 1 1 4 20 18 21 30 22 34 4 1
3 1 1 1 95 9 8 19 9 18 12 25 16 8 15 53 70 28 11 6 3 8 6 5 8 5 6 4 8 7 18 40 77 16 14 8 1 1 1 2 11 7 5 1 1 1 1 1 1 2 2 1 1 1 84 1 1 1 6 32 58 61 37 28 38 965 1 9614 3469 3135 3246 3365 3490 3618 3658 3862 1 8020 6691 7009 7510 8375 15912 14650 3 2 1 7 30 7 1 14 29 13 4 4
6 8 4 1 81 11 6 17 13 10 24 23 19 9 8 29 58 53 24 5 5 2 5 5 8 4 4 9 2 9 7 53 52 13 10 10 9 4 2 1 3 3 2 1 1 1 13 15 1 1 7 3 3 81 1 1 1 1 2 12 93 56 31 23 30 42 930 1 6641 2881 2629 2665 2689 2683 2681 2285 4763 1 5128 5246 5194 4667 1 21968 1 1 1 41 4 2 2 21 2 1 10 6
6 3 4 1 67 12 14 11 3 14 17 22 32 27 8 13 41 40 62 4 5 7 3 3 2 7 3 2 9 6 4 24 87 4 4 6 8 6 3 1 3 2 1 1 19 26 19 16 29 23 39 3 76 4 1 1 1 1 37 33 135 60 13 23 30 32 46 891 1 4034 2028 1840 1802 1766 1707 2058 1064 2566 1 2 8 6 1 2 21963 1 91 3 1 2 1 1 25 3 22 16
3 2 3 4 49 20 13 28 3 10 10 13 5 35 19 16 16 26 55 76 11 21 3 2 3 2 4 3 4 4 9 4 8 83 10 5 7 5 5 1 1 1 1 13 6 1 11 10 16 26 16 68 10 19 80 57 1 1 85 115 1 2 12 23 31 30 32 56 847 1 2073 1169 1040 969 931 628 756 1 1 2 1 9 1 1 1 21960 1467 329 5 3 1 1 28 1 31 9
1 2 1 9 29 17 12 4 25 20 5 14 16 1 31 27 17 14 14 18 65 3 17 4 3 3 3 2 1 8 7 5 33 41 40 20 9 2 4 3 1 1 12 10 8 9 1 11 15 17 26 33 35 58 1 58 121 74 115 1 1 2 2 30 33 27 29 37 75 790 1 848 505 412 282 228 6 12 8 1 1 2 6 2 2530 6257 16142 1290 1 1 1 1 20 10 34 142
2 1 3 9 9 16 18 1 6 14 15 14 16 28 7 25 27 19 10 16 35 36 12 16 2 2 1 1 2 8 7 3 6 12 45 15 20 3 2 1 3 8 2 2 3 3 7 5 4 4 4 10 25 31 31 10 7 65 2 10 1 1 4 33 25 27 26 33 51 104 713 1 245 120 75 10 10 2 8 3 2 2 2 3 3 2578 21890 1 1 1 1 1 1 41 179 34
7 3 2 5 7 10 9 14 5 4 6 5 7 6 23 15 28 26 24 16 28 30 21 11 17 3 1 1 1 4 9 7 2 2 1 38 49 13 1 1 3 5 1 1 1 3 5 6 1 1 10 24 1 30 38 7 5 7 12 4 1 8 24 25 31 25 22 29 46 75 141 606 1 52 12 11 10 16 12 7 1 2 1 2 1 2 1 21888 59 27 3 1 1 223 1 1
9 4 3 3 5 7 14 6 5 4 3 4 2 7 9 9 16 16 19 20 20 31 22 1 10 16 7 1 1 9 8 13 1 2 1 13 1 44 48 1 2 2 3 1 1 2 2 6 3 6 5 15 13 44 16 2 3 6 5 3 5 17 26 11 25 19 19 25 40 71 113 175 468 1 21 9 11 8 12 10 8 1 1 1 1 1 1 102 21723 100 78 1 231 3 3 1
1 8 8 6 1 9 9 10 8 4 2 3 2 5 6 6 6 16 8 30 1 43 7 11 1 1 9 19 16 5 2 9 10 2 1 3 5 1 1 46 1 1 1 1 1 1 1 5 4 2 13 7 21 46 1 2 1 6 7 2 11 28 12 9 15 14 19 23 32 66 115 154 186 311 3 10 3 2 1 8 7 7 1 1 1 1 8 52 164 21533 159 262 20 11 3 4
4 1 4 6 10 9 16 3 4 7 3 3 3 5 2 4 3 14 8 3 28 44 66 26 3 1 13 1 2 2 3 3 7 7 1 1 3 2 1 44 1 1 1 1 1 1 1 9 1 10 4 17 32 31 5 1 2 12 1 1 32 14 4 5 7 9 28 17 22 59 117 164 173 158 166 9 7 5 1 9 4 3 5 1 1 6 1 40 79 275 21231 119 58 43 27 2
15 5 4 5 3 6 4 13 6 6 5 3 2 4 2 2 1 5 9 4 10 11 1 55 57 21 4 10 7 3 2 2 2 2 5 1 1 1 1 8 32 1 3 1 1 1 7 2 7 2 1 27 31 9 4 3 9 3 13 26 7 1 1 6 5 19 28 17 12 46 120 182 178 154 99 57 13 11 12 6 11 2 3 1 4 1 2 31 60 135 484 20759 207 123 104 82
181 105 3 5 9 5 8 16 6 7 8 2 3 3 2 1 1 1 1 4 1 4 1 1 57 8 8 2 4 3 2 2 1 1 3 2 1 1 1 3 11 22 3 2 1 2 2 1 1 1 1 52 1 2 3 2 4 2 3 22 1 1 4 7 5 33 17 8 6 4 143 200 192 132 143 1 9 2 3 1 1 8 6 1 5 7 5 29 39 106 268 824 20058 342 244 232
325 339 430 393 275 47 5 1 12 7 8 7 2 3 3 2 1 1 1 1 1 1 1 7 77 5 6 9 5 3 1 1 1 1 1 1 1 1 1 1 6 18 9 3 1 1 1 1 4 1 1 50 1 1 1 2 2 3 3 17 4 10 15 13 26 10 11 4 1 2 1 481 1 171 146 17 5 6 3 2 1 1 8 5 4 5 12 9 26 79 222 516 1312 18900 506 421
6 105 79 36 286 110 24 2 5 4 3 5 7 4 2 1 1 1 2 1 1 1 1 110 54 111 7 9 5 3 2 1 1 1 37 30 1 34 1 26 1 16 3 2 3 1 1 1 2 8 1 46 2 1 1 1 2 2 11 11 5 11 3 3 5 24 1 1 1 2 21 473 5 277 36 19 4 2 2 1 1 1 8 4 3 3 4 1 22 53 171 461 937 1903 17140 635
8 8 4 94 196 248 171 67 2 4 1 2 1 3 2 1 1 1 3 2 49 70 113 1 49 34 101 8 10 7 1 1 76 110 42 59 85 1 61 37 6 1 14 4 1 2 1 1 2 3 26 1 17 3 1 1 4 9 2 5 3 11 1 7 20 3 1 1 1 2 111 409 434 34 54 18 20 15 3 1 1 1 9 1 2 2 2 9 17 26 115 391 902 1529 2425 14775
1 9 15 4 51 249 104 182 4 3 7 5 3 2 1 1 1 3 2 21 91 60 2 1 1 27 80 45 19 18 31 32 83 2 28 4 1 49 26 5 31 22 5 1 3 1 1 1 1 1 8 10 5 4 1 1 5 2 1 5 3 8 4 15 7 3 2 1 4 1 203 453 62 50 34 15 4 10 16 7 3 7 1 1 2 3 6 7 14 6 58 301 848 1575 2139 2600
2 3 2 12 1 1 237 258 436 4 1 1 1 1 1 2 6 2 1 1 142 3 3 2 1 1 62 75 97 58 84 90 2 1 7 7 19 1 1 22 22 30 26 1 14 2 1 1 1 3 9 3 8 2 1 2 6 1 5 1 4 15 12 1 1 1 8 11 42 7 468 104 88 90 5 6 9 3 2 9 8 11 1 1 1 2 2 9 6 5 6 185 758 1637 2303 2407
2 1 1 3 3 1 3 2 1 429 1 4 1 2 1 10 2 1 126 266 89 29 3 3 2 2 2 3 8 60 16 1 3 5 8 11 1 18 1 16 5 30 1 49 2 18 12 9 1 1 3 4 2 5 4 4 1 7 5 8 1 16 1 1 2 5 1 6 57 344 297 5 180 14 5 6 3 2 2 2 3 1 8 2 1 3 7 6 3 2 3 5 618 1706 2555 2539
1 1 1 1 1 2 1 3 4 1 425 3 4 1 1 8 14 34 280 39 139 25 1 3 3 2 3 2 1 2 1 1 14 8 1 1 1 12 11 5 12 1 29 3 32 8 2 1 5 2 1 2 1 3 4 1 3 3 2 4 12 2 1 2 2 5 11 11 135 96 1 413 54 19 4 6 2 1 1 1 1 3 5 1 1 4 3 2 1 2 2 3 1 2102 2848 2591
1 3 1 1 2 1 3 1 1 3 2 414 2 1 2 51 138 291 8 10 1 135 58 4 3 1 5 3 1 1 1 17 6 9 2 2 1 2 2 1 11 1 1 1 7 16 22 5 2 3 1 1 1 2 2 2 2 1 4 5 4 1 1 1 3 1 8 4 145 1 265 184 73 8 2 8 1 1 1 1 1 1 1 1 2 2 1 1 1 1 1 1 2 2256 2658 2769
6 4 3 4 1 8 5 1 1 1 1 1 410 405 179 49 302 5 2 1 1 1 99 130 92 43 13 2 2 1 6 11 20 9 6 1 1 1 2 2 1 12 2 4 1 1 1 18 7 1 2 1 1 1 1 1 1 3 2 4 13 16 1 1 1 4 12 13 66 142 232 194 35 3 2 4 3 1 1 1 1 1 1 1 1 1 2 1 1 1 2 4 565 1531 2705 3081
